"species","x","y","bio1","bio10","bio11","bio12","bio13","bio14","bio15","bio16","bio17","bio18","bio19","bio2","bio3","bio4","bio5","bio6","bio7","bio8","bio9"
"species",1,1,226,318,137,91,17,0,61,41,4,14,41,172,46,7137,419,46,373,137,255
"species",2,2,206,297,119,300,58,4,64,147,19,120,72,160,46,7076,378,35,343,292,238
"species",3,3,194,280,115,230,40,1,64,109,14,22,108,170,48,6556,389,35,354,126,254
"species",4,4,228,326,134,77,14,0,57,31,3,20,26,162,44,7581,417,52,365,291,259
"species",5,5,228,326,134,77,14,0,57,31,3,20,26,162,44,7581,417,52,365,291,259
"species",6,6,193,284,107,338,71,5,70,176,21,144,75,173,48,7011,372,17,355,279,225
"species",7,7,206,297,119,300,58,4,64,147,19,120,72,160,46,7076,378,35,343,292,238
"species",8,8,194,280,115,230,40,1,64,109,14,22,108,170,48,6556,389,35,354,126,254
"species",9,9,203,294,116,300,62,4,68,154,19,126,67,157,46,7016,373,35,338,289,236
"species",10,10,193,284,107,338,71,5,70,176,21,144,75,173,48,7011,372,17,355,279,225
"species",11,11,228,326,134,77,14,0,57,31,3,20,26,162,44,7581,417,52,365,291,259
"species",12,12,228,326,134,77,14,0,57,31,3,20,26,162,44,7581,417,52,365,291,259
"species",13,13,194,280,115,230,40,1,64,109,14,22,108,170,48,6556,389,35,354,126,254
"species",14,14,193,284,107,338,71,5,70,176,21,144,75,173,48,7011,372,17,355,279,225
"species",15,15,228,326,134,77,14,0,57,31,3,20,26,162,44,7581,417,52,365,291,259
"species",16,16,224,313,138,107,21,0,69,52,5,14,52,172,46,6936,415,48,367,138,250
"species",17,17,226,318,137,91,17,0,61,41,4,14,41,172,46,7137,419,46,373,137,255
"species",18,18,204,297,114,308,56,5,60,144,22,118,76,171,47,7220,384,25,359,293,237
"species",19,19,204,298,114,312,57,5,60,147,22,120,76,175,48,7247,387,23,364,293,237
"species",20,20,206,301,114,315,55,6,56,141,23,115,80,174,47,7339,391,24,367,296,239
"species",21,21,216,306,131,131,23,1,60,59,8,19,59,173,47,6912,411,44,367,131,241
"species",22,22,204,303,112,227,36,3,51,81,13,62,73,170,45,7555,399,26,373,299,236
"species",23,23,239,311,164,336,95,3,108,229,15,198,60,158,50,5908,388,78,310,311,224
"species",24,24,224,317,135,96,15,0,56,43,3,23,43,179,47,7188,418,44,374,135,290
"species",25,25,195,290,108,382,48,5,46,128,27,89,128,162,45,7260,386,29,357,108,223
"species",26,26,193,284,107,338,71,5,70,176,21,144,75,173,48,7011,372,17,355,279,225
"species",27,27,192,282,107,338,69,5,65,161,18,130,89,160,46,6945,370,26,344,278,220
"species",28,28,228,326,134,77,14,0,57,31,3,20,26,162,44,7581,417,52,365,291,259
"species",29,29,206,297,119,300,58,4,64,147,19,120,72,160,46,7076,378,35,343,292,238
"species",30,30,228,326,134,77,14,0,57,31,3,20,26,162,44,7581,417,52,365,291,259
"species",31,31,228,326,134,77,14,0,57,31,3,20,26,162,44,7581,417,52,365,291,259
"species",32,32,225,320,133,78,14,0,58,31,3,20,27,166,45,7366,414,52,362,288,253
"species",33,33,193,284,107,338,71,5,70,176,21,144,75,173,48,7011,372,17,355,279,225
"species",34,34,223,315,136,91,18,0,66,44,4,20,39,169,46,7074,411,49,362,148,287
"species",35,35,209,310,114,193,32,3,49,74,12,59,58,171,45,7686,402,28,374,305,243
"species",36,36,171,243,110,350,74,2,85,194,8,15,186,157,51,5221,342,36,306,115,237
"species",37,37,211,298,132,194,38,0,77,108,6,26,91,172,48,6535,398,46,352,141,268
"species",38,38,211,298,132,194,38,0,77,108,6,26,91,172,48,6535,398,46,352,141,268
"species",39,39,194,280,115,230,40,1,64,109,14,22,108,170,48,6556,389,35,354,126,254
"species",40,40,205,305,111,204,32,2,48,76,12,54,63,170,45,7624,402,25,377,301,236
"species",41,41,172,269,84,323,50,4,47,113,24,86,98,184,48,7352,376,-5,381,267,199
"species",42,42,241,311,167,296,88,3,112,203,13,175,53,155,50,5807,388,84,304,311,227
"species",43,43,220,311,133,210,46,2,64,96,11,77,55,135,41,7118,391,65,326,309,246
"species",44,44,203,294,116,300,62,4,68,154,19,126,67,157,46,7016,373,35,338,289,236
"species",45,45,180,245,124,264,48,3,74,140,12,20,129,158,53,4781,342,46,296,130,240
"species",46,46,227,318,139,93,18,0,65,44,4,13,44,171,46,7043,417,48,369,139,255
"species",47,47,205,301,114,314,56,6,55,139,23,113,81,177,47,7351,393,23,370,296,238
"species",48,48,194,280,115,230,40,1,64,109,14,22,108,170,48,6556,389,35,354,126,254
"species",49,49,192,282,107,338,69,5,65,161,18,130,89,160,46,6945,370,26,344,278,220
"species",50,50,194,280,115,230,40,1,64,109,14,22,108,170,48,6556,389,35,354,126,254
"species",51,51,206,305,113,219,34,2,49,77,12,57,72,173,45,7593,402,25,377,301,238
"species",52,52,206,305,113,219,34,2,49,77,12,57,72,173,45,7593,402,25,377,301,238
"species",53,53,193,284,107,338,71,5,70,176,21,144,75,173,48,7011,372,17,355,279,225
"species",54,54,194,280,115,230,40,1,64,109,14,22,108,170,48,6556,389,35,354,126,254
"species",55,55,221,319,129,89,16,0,55,35,4,24,29,160,44,7497,411,49,362,317,250
"species",56,56,211,310,119,252,32,3,45,85,17,59,84,167,45,7536,404,36,368,132,243
"species",57,57,227,318,139,93,18,0,65,44,4,13,44,171,46,7043,417,48,369,139,255
"species",58,58,211,314,112,192,32,2,49,74,11,59,58,181,46,7939,412,19,393,309,247
"species",59,59,198,300,100,401,51,6,44,135,30,95,135,156,42,7857,392,24,368,100,234
"species",60,60,193,284,107,338,71,5,70,176,21,144,75,173,48,7011,372,17,355,279,225
"species",61,61,192,282,107,338,69,5,65,161,18,130,89,160,46,6945,370,26,344,278,220
"species",62,62,227,318,139,93,18,0,65,44,4,13,44,171,46,7043,417,48,369,139,255
"species",63,63,196,289,108,345,64,6,61,159,23,129,88,171,47,7137,380,21,359,284,228
"species",64,64,228,326,134,77,14,0,57,31,3,20,26,162,44,7581,417,52,365,291,259
"species",65,65,228,326,134,77,14,0,57,31,3,20,26,162,44,7581,417,52,365,291,259
"species",66,66,206,297,119,300,58,4,64,147,19,120,72,160,46,7076,378,35,343,292,238
"species",67,67,223,282,170,236,66,0,107,157,3,157,41,147,57,4374,349,93,256,282,227
"species",68,68,218,322,120,124,19,1,47,43,8,31,42,148,40,7932,411,46,365,318,252
"species",69,69,196,286,111,316,69,4,74,166,16,134,78,175,49,6927,378,21,357,282,224
"species",70,70,218,322,120,124,19,1,47,43,8,31,42,148,40,7932,411,46,365,318,252
"species",71,71,218,321,120,114,19,1,52,41,6,30,39,152,41,7916,412,44,368,318,252
"species",72,72,196,286,111,316,69,4,74,166,16,134,78,175,49,6927,378,21,357,282,224
"species",73,73,222,322,126,82,16,0,62,33,3,23,27,159,43,7725,414,46,368,319,253
"species",74,74,180,267,97,405,84,6,73,212,23,173,96,168,48,6732,355,11,344,262,209
"species",75,75,196,286,111,316,69,4,74,166,16,134,78,175,49,6927,378,21,357,282,224
"species",76,76,218,321,120,114,19,1,52,41,6,30,39,152,41,7916,412,44,368,318,252
"species",77,77,218,321,120,114,19,1,52,41,6,30,39,152,41,7916,412,44,368,318,252
"species",78,78,196,286,111,316,69,4,74,166,16,134,78,175,49,6927,378,21,357,282,224
"species",79,79,218,321,120,114,19,1,52,41,6,30,39,152,41,7916,412,44,368,318,252
"species",80,80,196,286,111,316,69,4,74,166,16,134,78,175,49,6927,378,21,357,282,224
"species",81,81,218,321,120,114,19,1,52,41,6,30,39,152,41,7916,412,44,368,318,252
"species",82,82,213,300,133,170,29,1,62,81,10,28,78,171,47,6647,407,50,357,144,274
"species",83,83,167,252,93,330,56,2,67,160,20,41,150,165,48,6293,359,19,340,102,223
"species",84,84,196,286,111,316,69,4,74,166,16,134,78,175,49,6927,378,21,357,282,224
"species",85,85,218,321,120,114,19,1,52,41,6,30,39,152,41,7916,412,44,368,318,252
"species",86,86,218,321,120,114,19,1,52,41,6,30,39,152,41,7916,412,44,368,318,252
"species",87,87,196,286,111,316,69,4,74,166,16,134,78,175,49,6927,378,21,357,282,224
"species",88,88,218,321,120,114,19,1,52,41,6,30,39,152,41,7916,412,44,368,318,252
"species",89,89,218,322,120,124,19,1,47,43,8,31,42,148,40,7932,411,46,365,318,252
"species",90,90,218,322,120,124,19,1,47,43,8,31,42,148,40,7932,411,46,365,318,252
"species",91,91,196,286,111,316,69,4,74,166,16,134,78,175,49,6927,378,21,357,282,224
"species",92,92,218,322,120,124,19,1,47,43,8,31,42,148,40,7932,411,46,365,318,252
"species",93,93,211,298,132,194,38,0,77,108,6,26,91,172,48,6535,398,46,352,141,268
"species",94,94,211,298,132,194,38,0,77,108,6,26,91,172,48,6535,398,46,352,141,268
"species",95,95,227,327,129,132,27,1,57,57,8,46,38,165,44,7860,417,42,375,325,261
"species",96,96,225,329,125,102,16,1,51,37,6,25,37,158,42,8021,421,45,376,125,261
"species",97,97,226,322,133,60,10,0,56,24,2,19,23,180,47,7477,424,43,381,291,254
"species",98,98,229,328,133,79,14,1,53,31,4,23,26,143,40,7667,413,59,354,325,261
"species",99,99,198,284,121,223,42,0,75,120,8,30,104,174,49,6433,390,38,352,129,254
"species",100,100,212,314,113,204,37,3,51,82,13,66,58,181,46,7867,411,21,390,309,247
"species",101,101,212,314,113,204,37,3,51,82,13,66,58,181,46,7867,411,21,390,309,247
"species",102,102,229,328,133,79,14,1,53,31,4,23,26,143,40,7667,413,59,354,325,261
"species",103,103,189,305,79,120,14,3,30,40,16,27,35,154,38,8805,404,2,402,100,230
"species",104,104,159,264,61,222,30,5,38,72,26,58,65,147,40,7981,360,-7,367,75,191
"species",105,105,193,305,87,115,15,2,36,37,13,28,35,138,36,8543,395,19,376,106,232
"species",106,106,229,337,125,110,15,1,44,39,8,25,38,146,38,8344,426,51,375,144,266
"species",107,107,211,318,109,82,14,1,52,32,6,25,26,155,40,8187,415,30,385,312,248
"species",108,108,225,323,129,61,11,0,53,25,2,15,21,170,45,7649,420,45,375,289,255
"species",109,109,184,295,77,101,15,3,41,38,14,24,37,166,40,8527,397,-11,408,99,224
"species",110,110,223,326,123,86,15,1,52,31,5,22,31,166,43,7965,421,37,384,323,259
"species",111,111,212,314,116,166,26,1,51,62,9,43,51,167,44,7785,410,31,379,310,245
"species",112,112,231,340,125,100,14,1,43,35,8,23,34,145,38,8456,428,52,376,144,269
"species",113,113,173,271,85,309,47,4,46,106,23,81,96,179,47,7359,376,-2,378,268,200
"species",114,114,173,285,67,138,16,4,29,44,21,33,38,159,39,8538,387,-11,398,86,212
"species",115,115,198,315,85,119,14,3,35,41,15,26,36,149,37,8966,411,12,399,107,239
"species",116,116,224,329,123,134,18,1,45,48,9,29,48,148,40,8124,418,48,370,140,259
"species",117,117,231,340,125,100,14,1,43,35,8,23,34,145,38,8456,428,52,376,144,269
"species",118,118,201,302,108,209,33,2,49,78,12,56,63,165,44,7641,398,25,373,298,232
"species",119,119,201,302,108,209,33,2,49,78,12,56,63,165,44,7641,398,25,373,298,232
"species",120,120,159,264,61,222,30,5,38,72,26,58,65,147,40,7981,360,-7,367,75,191
"species",121,121,193,305,87,115,15,2,36,37,13,28,35,138,36,8543,395,19,376,106,232
"species",122,122,193,305,87,115,15,2,36,37,13,28,35,138,36,8543,395,19,376,106,232
"species",123,123,193,305,87,115,15,2,36,37,13,28,35,138,36,8543,395,19,376,106,232
"species",124,124,229,337,125,110,15,1,44,39,8,25,38,146,38,8344,426,51,375,144,266
"species",125,125,211,318,109,82,14,1,52,32,6,25,26,155,40,8187,415,30,385,312,248
"species",126,126,227,328,130,79,14,1,52,30,5,22,26,150,41,7766,416,54,362,324,260
"species",127,127,213,311,118,218,32,3,45,78,15,60,66,167,45,7587,404,34,370,307,245
"species",128,128,223,326,123,86,15,1,52,31,5,22,31,166,43,7965,421,37,384,323,259
"species",129,129,223,326,123,86,15,1,52,31,5,22,31,166,43,7965,421,37,384,323,259
"species",130,130,223,326,123,86,15,1,52,31,5,22,31,166,43,7965,421,37,384,323,259
"species",131,131,226,330,127,98,16,1,48,34,6,25,33,147,40,7982,418,53,365,326,261
"species",132,132,173,271,85,309,47,4,46,106,23,81,96,179,47,7359,376,-2,378,268,200
"species",133,133,173,285,67,138,16,4,29,44,21,33,38,159,39,8538,387,-11,398,86,212
"species",134,134,198,315,85,119,14,3,35,41,15,26,36,149,37,8966,411,12,399,107,239
"species",135,135,224,329,123,134,18,1,45,48,9,29,48,148,40,8124,418,48,370,140,259
"species",136,136,231,340,125,100,14,1,43,35,8,23,34,145,38,8456,428,52,376,144,269
"species",137,137,201,302,108,209,33,2,49,78,12,56,63,165,44,7641,398,25,373,298,232
"species",138,138,201,301,108,210,33,2,49,78,12,56,64,164,44,7610,397,26,371,297,231
"species",139,139,193,305,87,115,15,2,36,37,13,28,35,138,36,8543,395,19,376,106,232
"species",140,140,193,305,87,115,15,2,36,37,13,28,35,138,36,8543,395,19,376,106,232
"species",141,141,193,305,87,115,15,2,36,37,13,28,35,138,36,8543,395,19,376,106,232
"species",142,142,223,327,123,142,19,1,48,50,9,31,50,152,40,8048,418,45,373,140,257
"species",143,143,229,337,125,110,15,1,44,39,8,25,38,146,38,8344,426,51,375,144,266
"species",144,144,211,318,109,82,14,1,52,32,6,25,26,155,40,8187,415,30,385,312,248
"species",145,145,227,328,130,79,14,1,52,30,5,22,26,150,41,7766,416,54,362,324,260
"species",146,146,187,283,97,301,47,4,48,108,21,81,94,186,48,7346,389,3,386,280,215
"species",147,147,223,326,123,86,15,1,52,31,5,22,31,166,43,7965,421,37,384,323,259
"species",148,148,223,326,123,86,15,1,52,31,5,22,31,166,43,7965,421,37,384,323,259
"species",149,149,223,326,123,86,15,1,52,31,5,22,31,166,43,7965,421,37,384,323,259
"species",150,150,212,314,116,166,26,1,51,62,9,43,51,167,44,7785,410,31,379,310,245
"species",151,151,173,271,85,309,47,4,46,106,23,81,96,179,47,7359,376,-2,378,268,200
"species",152,152,173,285,67,138,16,4,29,44,21,33,38,159,39,8538,387,-11,398,86,212
"species",153,153,198,315,85,119,14,3,35,41,15,26,36,149,37,8966,411,12,399,107,239
"species",154,154,224,329,123,134,18,1,45,48,9,29,48,148,40,8124,418,48,370,140,259
"species",155,155,226,327,128,130,28,1,65,58,8,48,37,165,43,7892,416,40,376,325,260
"species",156,156,211,308,118,311,50,8,47,120,28,99,85,180,47,7511,405,25,380,304,244
"species",157,157,201,302,108,209,33,2,49,78,12,56,63,165,44,7641,398,25,373,298,232
"species",158,158,201,301,108,210,33,2,49,78,12,56,64,164,44,7610,397,26,371,297,231
"species",159,159,224,321,129,67,12,0,58,27,3,17,23,171,45,7552,418,45,373,287,253
"species",160,160,159,264,61,222,30,5,38,72,26,58,65,147,40,7981,360,-7,367,75,191
"species",161,161,193,305,87,115,15,2,36,37,13,28,35,138,36,8543,395,19,376,106,232
"species",162,162,217,320,117,129,21,1,50,46,8,33,42,165,43,7993,416,33,383,317,252
"species",163,163,189,289,93,422,61,7,45,140,32,112,137,155,42,7716,379,16,363,283,224
"species",164,164,211,318,109,82,14,1,52,32,6,25,26,155,40,8187,415,30,385,312,248
"species",165,165,227,328,130,79,14,1,52,30,5,22,26,150,41,7766,416,54,362,324,260
"species",166,166,202,295,113,309,60,5,67,154,21,126,72,175,48,7174,384,22,362,290,234
"species",167,167,223,326,123,86,15,1,52,31,5,22,31,166,43,7965,421,37,384,323,259
"species",168,168,223,326,123,86,15,1,52,31,5,22,31,166,43,7965,421,37,384,323,259
"species",169,169,223,326,123,86,15,1,52,31,5,22,31,166,43,7965,421,37,384,323,259
"species",170,170,212,314,116,166,26,1,51,62,9,43,51,167,44,7785,410,31,379,310,245
"species",171,171,226,330,127,98,16,1,48,34,6,25,33,147,40,7982,418,53,365,326,261
"species",172,172,173,285,67,138,16,4,29,44,21,33,38,159,39,8538,387,-11,398,86,212
"species",173,173,198,315,85,119,14,3,35,41,15,26,36,149,37,8966,411,12,399,107,239
"species",174,174,224,329,123,134,18,1,45,48,9,29,48,148,40,8124,418,48,370,140,259
"species",175,175,230,323,140,90,15,0,55,36,4,22,30,157,44,7265,412,61,351,292,257
"species",176,176,211,308,118,311,50,8,47,120,28,99,85,180,47,7511,405,25,380,304,244
"species",177,177,201,302,108,209,33,2,49,78,12,56,63,165,44,7641,398,25,373,298,232
"species",178,178,170,287,60,183,23,4,33,65,25,37,56,164,40,8824,391,-19,410,81,212
"species",179,179,212,301,129,145,26,1,60,68,9,17,68,173,47,6822,410,44,366,129,276
"species",180,180,159,264,61,222,30,5,38,72,26,58,65,147,40,7981,360,-7,367,75,191
"species",181,181,166,277,60,138,16,4,28,43,23,33,36,168,41,8438,383,-22,405,80,204
"species",182,182,193,305,87,115,15,2,36,37,13,28,35,138,36,8543,395,19,376,106,232
"species",183,183,189,293,93,170,26,2,44,58,15,46,54,128,37,7889,378,33,345,107,222
"species",184,184,211,318,109,82,14,1,52,32,6,25,26,155,40,8187,415,30,385,312,248
"species",185,185,104,196,24,422,62,9,43,145,43,122,128,144,43,6830,288,-41,329,191,126
"species",186,186,223,326,123,86,15,1,52,31,5,22,31,166,43,7965,421,37,384,323,259
"species",187,187,223,326,123,86,15,1,52,31,5,22,31,166,43,7965,421,37,384,323,259
"species",188,188,223,326,123,86,15,1,52,31,5,22,31,166,43,7965,421,37,384,323,259
"species",189,189,212,314,116,166,26,1,51,62,9,43,51,167,44,7785,410,31,379,310,245
"species",190,190,173,271,85,309,47,4,46,106,23,81,96,179,47,7359,376,-2,378,268,200
"species",191,191,173,271,85,309,47,4,46,106,23,81,96,179,47,7359,376,-2,378,268,200
"species",192,192,119,220,28,243,29,7,35,83,34,61,80,148,41,7546,317,-42,359,40,148
"species",193,193,224,329,123,134,18,1,45,48,9,29,48,148,40,8124,418,48,370,140,259
"species",194,194,230,323,140,90,15,0,55,36,4,22,30,157,44,7265,412,61,351,292,257
"species",195,195,180,277,90,301,48,4,47,109,21,83,92,181,47,7390,381,0,381,275,208
"species",196,196,201,302,108,209,33,2,49,78,12,56,63,165,44,7641,398,25,373,298,232
"species",197,197,193,305,87,115,15,2,36,37,13,28,35,138,36,8543,395,19,376,106,232
"species",198,198,193,305,87,115,15,2,36,37,13,28,35,138,36,8543,395,19,376,106,232
"species",199,199,193,305,87,115,15,2,36,37,13,28,35,138,36,8543,395,19,376,106,232
"species",200,200,170,287,60,183,23,4,33,65,25,37,56,164,40,8824,391,-19,410,81,212
"species",201,201,193,305,87,115,15,2,36,37,13,28,35,138,36,8543,395,19,376,106,232
"species",202,202,189,293,93,170,26,2,44,58,15,46,54,128,37,7889,378,33,345,107,222
"species",203,203,211,318,109,82,14,1,52,32,6,25,26,155,40,8187,415,30,385,312,248
"species",204,204,193,305,87,115,15,2,36,37,13,28,35,138,36,8543,395,19,376,106,232
"species",205,205,223,326,123,86,15,1,52,31,5,22,31,166,43,7965,421,37,384,323,259
"species",206,206,223,326,123,86,15,1,52,31,5,22,31,166,43,7965,421,37,384,323,259
"species",207,207,174,279,77,153,22,3,40,53,16,41,44,145,40,7952,371,9,362,274,207
"species",208,208,173,271,85,309,47,4,46,106,23,81,96,179,47,7359,376,-2,378,268,200
"species",209,209,226,327,126,128,18,1,49,47,8,27,47,157,41,7934,420,45,375,126,260
"species",210,210,198,315,85,119,14,3,35,41,15,26,36,149,37,8966,411,12,399,107,239
"species",211,211,224,329,123,134,18,1,45,48,9,29,48,148,40,8124,418,48,370,140,259
"species",212,212,218,321,118,128,20,1,49,45,8,32,42,165,42,8011,417,32,385,317,253
"species",213,213,212,313,115,231,42,4,52,91,16,74,64,185,47,7778,412,21,391,307,247
"species",214,214,201,302,108,209,33,2,49,78,12,56,63,165,44,7641,398,25,373,298,232
"species",215,215,201,302,108,209,33,2,49,78,12,56,63,165,44,7641,398,25,373,298,232
"species",216,216,189,293,93,170,26,2,44,58,15,46,54,128,37,7889,378,33,345,107,222
"species",217,217,202,296,112,322,59,6,59,146,23,119,82,175,47,7263,388,22,366,291,235
"species",218,218,193,305,87,115,15,2,36,37,13,28,35,138,36,8543,395,19,376,106,232
"species",219,219,211,318,109,82,14,1,52,32,6,25,26,155,40,8187,415,30,385,312,248
"species",220,220,193,305,87,115,15,2,36,37,13,28,35,138,36,8543,395,19,376,106,232
"species",221,221,153,251,58,306,58,6,65,154,25,128,65,195,49,7526,352,-39,391,243,191
"species",222,222,193,305,87,115,15,2,36,37,13,28,35,138,36,8543,395,19,376,106,232
"species",223,223,223,326,123,86,15,1,52,31,5,22,31,166,43,7965,421,37,384,323,259
"species",224,224,223,326,123,86,15,1,52,31,5,22,31,166,43,7965,421,37,384,323,259
"species",225,225,207,313,107,163,21,2,44,57,13,37,54,149,40,8112,403,33,370,123,241
"species",226,226,226,327,126,128,18,1,49,47,8,27,47,157,41,7934,420,45,375,126,260
"species",227,227,198,315,85,119,14,3,35,41,15,26,36,149,37,8966,411,12,399,107,239
"species",228,228,224,329,123,134,18,1,45,48,9,29,48,148,40,8124,418,48,370,140,259
"species",229,229,231,340,125,100,14,1,43,35,8,23,34,145,38,8456,428,52,376,144,269
"species",230,230,201,302,108,209,33,2,49,78,12,56,63,165,44,7641,398,25,373,298,232
"species",231,231,201,302,108,209,33,2,49,78,12,56,63,165,44,7641,398,25,373,298,232
"species",232,232,193,305,87,115,15,2,36,37,13,28,35,138,36,8543,395,19,376,106,232
"species",233,233,189,293,93,170,26,2,44,58,15,46,54,128,37,7889,378,33,345,107,222
"species",234,234,109,212,13,374,43,12,28,120,58,89,108,162,42,7811,319,-65,384,26,140
"species",235,235,193,305,87,115,15,2,36,37,13,28,35,138,36,8543,395,19,376,106,232
"species",236,236,193,305,87,115,15,2,36,37,13,28,35,138,36,8543,395,19,376,106,232
"species",237,237,189,293,93,170,26,2,44,58,15,46,54,128,37,7889,378,33,345,107,222
"species",238,238,159,264,61,222,30,5,38,72,26,58,65,147,40,7981,360,-7,367,75,191
"species",239,239,209,307,116,303,43,5,43,102,23,80,93,161,44,7570,397,36,361,303,241
"species",240,240,223,326,123,86,15,1,52,31,5,22,31,166,43,7965,421,37,384,323,259
"species",241,241,223,326,123,86,15,1,52,31,5,22,31,166,43,7965,421,37,384,323,259
"species",242,242,207,313,107,163,21,2,44,57,13,37,54,149,40,8112,403,33,370,123,241
"species",243,243,173,271,85,309,47,4,46,106,23,81,96,179,47,7359,376,-2,378,268,200
"species",244,244,226,330,126,131,18,1,49,47,8,28,47,154,41,8034,421,47,374,143,260
"species",245,245,198,315,85,119,14,3,35,41,15,26,36,149,37,8966,411,12,399,107,239
"species",246,246,224,329,123,134,18,1,45,48,9,29,48,148,40,8124,418,48,370,140,259
"species",247,247,218,321,118,128,20,1,49,45,8,32,42,165,42,8011,417,32,385,317,253
"species",248,248,231,340,125,100,14,1,43,35,8,23,34,145,38,8456,428,52,376,144,269
"species",249,249,201,302,108,209,33,2,49,78,12,56,63,165,44,7641,398,25,373,298,232
"species",250,250,201,302,108,209,33,2,49,78,12,56,63,165,44,7641,398,25,373,298,232
"species",251,251,176,286,72,112,14,3,36,39,15,28,37,169,41,8349,389,-18,407,92,213
"species",252,252,193,305,87,115,15,2,36,37,13,28,35,138,36,8543,395,19,376,106,232
"species",253,253,211,318,109,82,14,1,52,32,6,25,26,155,40,8187,415,30,385,312,248
"species",254,254,159,264,61,222,30,5,38,72,26,58,65,147,40,7981,360,-7,367,75,191
"species",255,255,209,307,116,303,43,5,43,102,23,80,93,161,44,7570,397,36,361,303,241
"species",256,256,193,305,87,115,15,2,36,37,13,28,35,138,36,8543,395,19,376,106,232
"species",257,257,223,326,123,86,15,1,52,31,5,22,31,166,43,7965,421,37,384,323,259
"species",258,258,223,326,123,86,15,1,52,31,5,22,31,166,43,7965,421,37,384,323,259
"species",259,259,207,313,107,163,21,2,44,57,13,37,54,149,40,8112,403,33,370,123,241
"species",260,260,173,271,85,309,47,4,46,106,23,81,96,179,47,7359,376,-2,378,268,200
"species",261,261,198,315,85,119,14,3,35,41,15,26,36,149,37,8966,411,12,399,107,239
"species",262,262,224,329,123,134,18,1,45,48,9,29,48,148,40,8124,418,48,370,140,259
"species",263,263,218,321,118,128,20,1,49,45,8,32,42,165,42,8011,417,32,385,317,253
"species",264,264,201,302,108,209,33,2,49,78,12,56,63,165,44,7641,398,25,373,298,232
"species",265,265,201,302,108,209,33,2,49,78,12,56,63,165,44,7641,398,25,373,298,232
"species",266,266,159,264,61,222,30,5,38,72,26,58,65,147,40,7981,360,-7,367,75,191
"species",267,267,193,305,87,115,15,2,36,37,13,28,35,138,36,8543,395,19,376,106,232
"species",268,268,193,305,87,115,15,2,36,37,13,28,35,138,36,8543,395,19,376,106,232
"species",269,269,193,305,87,115,15,2,36,37,13,28,35,138,36,8543,395,19,376,106,232
"species",270,270,211,318,109,82,14,1,52,32,6,25,26,155,40,8187,415,30,385,312,248
"species",271,271,159,264,61,222,30,5,38,72,26,58,65,147,40,7981,360,-7,367,75,191
"species",272,272,159,264,61,222,30,5,38,72,26,58,65,147,40,7981,360,-7,367,75,191
"species",273,273,231,340,125,100,14,1,43,35,8,23,34,145,38,8456,428,52,376,144,269
"species",274,274,173,271,85,309,47,4,46,106,23,81,96,179,47,7359,376,-2,378,268,200
"species",275,275,186,299,79,96,15,2,40,36,13,21,36,166,40,8584,400,-9,409,101,227
"species",276,276,198,315,85,119,14,3,35,41,15,26,36,149,37,8966,411,12,399,107,239
"species",277,277,224,329,123,134,18,1,45,48,9,29,48,148,40,8124,418,48,370,140,259
"species",278,278,218,321,118,128,20,1,49,45,8,32,42,165,42,8011,417,32,385,317,253
"species",279,279,231,340,125,100,14,1,43,35,8,23,34,145,38,8456,428,52,376,144,269
"species",280,280,201,302,108,209,33,2,49,78,12,56,63,165,44,7641,398,25,373,298,232
"species",281,281,201,302,108,209,33,2,49,78,12,56,63,165,44,7641,398,25,373,298,232
"species",282,282,193,305,87,115,15,2,36,37,13,28,35,138,36,8543,395,19,376,106,232
"species",283,283,193,305,87,115,15,2,36,37,13,28,35,138,36,8543,395,19,376,106,232
"species",284,284,193,305,87,115,15,2,36,37,13,28,35,138,36,8543,395,19,376,106,232
"species",285,285,193,305,87,115,15,2,36,37,13,28,35,138,36,8543,395,19,376,106,232
"species",286,286,229,337,125,110,15,1,44,39,8,25,38,146,38,8344,426,51,375,144,266
"species",287,287,211,318,109,82,14,1,52,32,6,25,26,155,40,8187,415,30,385,312,248
"species",288,288,213,311,118,218,32,3,45,78,15,60,66,167,45,7587,404,34,370,307,245
"species",289,289,223,326,123,86,15,1,52,31,5,22,31,166,43,7965,421,37,384,323,259
"species",290,290,223,326,123,86,15,1,52,31,5,22,31,166,43,7965,421,37,384,323,259
"species",291,291,223,326,123,86,15,1,52,31,5,22,31,166,43,7965,421,37,384,323,259
"species",292,292,212,314,116,166,26,1,51,62,9,43,51,167,44,7785,410,31,379,310,245
"species",293,293,226,330,127,98,16,1,48,34,6,25,33,147,40,7982,418,53,365,326,261
"species",294,294,173,271,85,309,47,4,46,106,23,81,96,179,47,7359,376,-2,378,268,200
"species",295,295,173,285,67,138,16,4,29,44,21,33,38,159,39,8538,387,-11,398,86,212
"species",296,296,198,315,85,119,14,3,35,41,15,26,36,149,37,8966,411,12,399,107,239
"species",297,297,139,247,38,324,45,8,33,117,49,62,100,165,41,8176,353,-42,395,55,175
"species",298,298,224,329,123,134,18,1,45,48,9,29,48,148,40,8124,418,48,370,140,259
"species",299,299,197,290,109,331,63,5,65,161,21,131,80,175,48,7137,381,18,363,285,229
"species",300,300,231,340,125,100,14,1,43,35,8,23,34,145,38,8456,428,52,376,144,269
"species",301,301,201,302,108,209,33,2,49,78,12,56,63,165,44,7641,398,25,373,298,232
"species",302,302,201,301,108,210,33,2,49,78,12,56,64,164,44,7610,397,26,371,297,231
"species",303,303,176,286,72,112,14,3,36,39,15,28,37,169,41,8349,389,-18,407,92,213
"species",304,304,193,305,87,115,15,2,36,37,13,28,35,138,36,8543,395,19,376,106,232
"species",305,305,193,305,87,115,15,2,36,37,13,28,35,138,36,8543,395,19,376,106,232
"species",306,306,223,327,123,142,19,1,48,50,9,31,50,152,40,8048,418,45,373,140,257
"species",307,307,229,337,125,110,15,1,44,39,8,25,38,146,38,8344,426,51,375,144,266
"species",308,308,167,261,82,234,30,1,47,88,21,48,86,156,44,7079,362,11,351,93,191
"species",309,309,189,293,93,170,26,2,44,58,15,46,54,128,37,7889,378,33,345,107,222
"species",310,310,223,326,123,86,15,1,52,31,5,22,31,166,43,7965,421,37,384,323,259
"species",311,311,223,326,123,86,15,1,52,31,5,22,31,166,43,7965,421,37,384,323,259
"species",312,312,223,326,123,86,15,1,52,31,5,22,31,166,43,7965,421,37,384,323,259
"species",313,313,212,314,116,166,26,1,51,62,9,43,51,167,44,7785,410,31,379,310,245
"species",314,314,226,330,127,98,16,1,48,34,6,25,33,147,40,7982,418,53,365,326,261
"species",315,315,173,271,85,309,47,4,46,106,23,81,96,179,47,7359,376,-2,378,268,200
"species",316,316,173,285,67,138,16,4,29,44,21,33,38,159,39,8538,387,-11,398,86,212
"species",317,317,198,315,85,119,14,3,35,41,15,26,36,149,37,8966,411,12,399,107,239
"species",318,318,224,329,123,134,18,1,45,48,9,29,48,148,40,8124,418,48,370,140,259
"species",319,319,230,323,140,90,15,0,55,36,4,22,30,157,44,7265,412,61,351,292,257
"species",320,320,225,326,127,137,29,1,62,61,8,50,39,163,43,7852,414,41,373,323,259
"species",321,321,211,308,118,311,50,8,47,120,28,99,85,180,47,7511,405,25,380,304,244
"species",322,322,201,302,108,209,33,2,49,78,12,56,63,165,44,7641,398,25,373,298,232
"species",323,323,166,277,60,138,16,4,28,43,23,33,36,168,41,8438,383,-22,405,80,204
"species",324,324,212,313,115,231,42,4,52,91,16,74,64,185,47,7778,412,21,391,307,247
"species",325,325,193,305,87,115,15,2,36,37,13,28,35,138,36,8543,395,19,376,106,232
"species",326,326,193,305,87,115,15,2,36,37,13,28,35,138,36,8543,395,19,376,106,232
"species",327,327,193,305,87,115,15,2,36,37,13,28,35,138,36,8543,395,19,376,106,232
"species",328,328,211,318,109,82,14,1,52,32,6,25,26,155,40,8187,415,30,385,312,248
"species",329,329,225,323,129,61,11,0,53,25,2,15,21,170,45,7649,420,45,375,289,255
"species",330,330,170,287,60,183,23,4,33,65,25,37,56,164,40,8824,391,-19,410,81,212
"species",331,331,223,326,123,86,15,1,52,31,5,22,31,166,43,7965,421,37,384,323,259
"species",332,332,232,325,141,74,13,0,56,29,3,18,26,165,46,7289,417,59,358,294,259
"species",333,333,231,340,125,100,14,1,43,35,8,23,34,145,38,8456,428,52,376,144,269
"species",334,334,173,271,85,309,47,4,46,106,23,81,96,179,47,7359,376,-2,378,268,200
"species",335,335,173,285,67,138,16,4,29,44,21,33,38,159,39,8538,387,-11,398,86,212
"species",336,336,224,329,123,134,18,1,45,48,9,29,48,148,40,8124,418,48,370,140,259
"species",337,337,231,340,125,100,14,1,43,35,8,23,34,145,38,8456,428,52,376,144,269
"species",338,338,201,302,108,209,33,2,49,78,12,56,63,165,44,7641,398,25,373,298,232
"species",339,339,159,264,61,222,30,5,38,72,26,58,65,147,40,7981,360,-7,367,75,191
"species",340,340,193,305,87,115,15,2,36,37,13,28,35,138,36,8543,395,19,376,106,232
"species",341,341,193,305,87,115,15,2,36,37,13,28,35,138,36,8543,395,19,376,106,232
"species",342,342,193,305,87,115,15,2,36,37,13,28,35,138,36,8543,395,19,376,106,232
"species",343,343,229,337,125,110,15,1,44,39,8,25,38,146,38,8344,426,51,375,144,266
"species",344,344,225,323,129,61,11,0,53,25,2,15,21,170,45,7649,420,45,375,289,255
"species",345,345,189,293,93,170,26,2,44,58,15,46,54,128,37,7889,378,33,345,107,222
"species",346,346,223,326,123,86,15,1,52,31,5,22,31,166,43,7965,421,37,384,323,259
"species",347,347,223,326,123,86,15,1,52,31,5,22,31,166,43,7965,421,37,384,323,259
"species",348,348,223,326,123,86,15,1,52,31,5,22,31,166,43,7965,421,37,384,323,259
"species",349,349,212,314,116,166,26,1,51,62,9,43,51,167,44,7785,410,31,379,310,245
"species",350,350,224,334,119,104,15,1,46,36,8,25,34,141,37,8450,421,49,372,137,262
"species",351,351,173,271,85,309,47,4,46,106,23,81,96,179,47,7359,376,-2,378,268,200
"species",352,352,173,285,67,138,16,4,29,44,21,33,38,159,39,8538,387,-11,398,86,212
"species",353,353,198,315,85,119,14,3,35,41,15,26,36,149,37,8966,411,12,399,107,239
"species",354,354,224,329,123,134,18,1,45,48,9,29,48,148,40,8124,418,48,370,140,259
"species",355,355,231,340,125,100,14,1,43,35,8,23,34,145,38,8456,428,52,376,144,269
"species",356,356,201,302,108,209,33,2,49,78,12,56,63,165,44,7641,398,25,373,298,232
"species",357,357,189,293,93,170,26,2,44,58,15,46,54,128,37,7889,378,33,345,107,222
"species",358,358,193,305,87,115,15,2,36,37,13,28,35,138,36,8543,395,19,376,106,232
"species",359,359,193,305,87,115,15,2,36,37,13,28,35,138,36,8543,395,19,376,106,232
"species",360,360,229,337,125,110,15,1,44,39,8,25,38,146,38,8344,426,51,375,144,266
"species",361,361,226,327,128,130,28,1,65,58,8,48,37,165,43,7892,416,40,376,325,260
"species",362,362,211,318,109,82,14,1,52,32,6,25,26,155,40,8187,415,30,385,312,248
"species",363,363,225,322,130,155,33,1,64,70,8,56,42,153,42,7602,407,50,357,320,256
"species",364,364,206,297,119,304,59,4,64,148,19,121,73,158,46,7048,377,37,340,292,238
"species",365,365,223,326,123,86,15,1,52,31,5,22,31,166,43,7965,421,37,384,323,259
"species",366,366,223,326,123,86,15,1,52,31,5,22,31,166,43,7965,421,37,384,323,259
"species",367,367,212,314,116,166,26,1,51,62,9,43,51,167,44,7785,410,31,379,310,245
"species",368,368,223,327,123,119,18,1,49,41,8,29,41,147,40,8026,415,49,366,123,257
"species",369,369,173,271,85,309,47,4,46,106,23,81,96,179,47,7359,376,-2,378,268,200
"species",370,370,198,315,85,119,14,3,35,41,15,26,36,149,37,8966,411,12,399,107,239
"species",371,371,119,220,28,243,29,7,35,83,34,61,80,148,41,7546,317,-42,359,40,148
"species",372,372,224,329,123,134,18,1,45,48,9,29,48,148,40,8124,418,48,370,140,259
"species",373,373,230,323,140,90,15,0,55,36,4,22,30,157,44,7265,412,61,351,292,257
"species",374,374,225,326,127,137,29,1,62,61,8,50,39,163,43,7852,414,41,373,323,259
"species",375,375,211,308,118,311,50,8,47,120,28,99,85,180,47,7511,405,25,380,304,244
"species",376,376,201,302,108,209,33,2,49,78,12,56,63,165,44,7641,398,25,373,298,232
"species",377,377,170,287,60,183,23,4,33,65,25,37,56,164,40,8824,391,-19,410,81,212
"species",378,378,156,247,73,218,44,1,81,119,6,12,112,159,44,6900,351,-4,355,85,246
"species",379,379,159,264,61,222,30,5,38,72,26,58,65,147,40,7981,360,-7,367,75,191
"species",380,380,193,305,87,115,15,2,36,37,13,28,35,138,36,8543,395,19,376,106,232
"species",381,381,189,293,93,170,26,2,44,58,15,46,54,128,37,7889,378,33,345,107,222
"species",382,382,211,318,109,82,14,1,52,32,6,25,26,155,40,8187,415,30,385,312,248
"species",383,383,211,310,119,257,33,3,46,89,18,57,88,166,44,7580,404,35,369,132,242
"species",384,384,223,326,123,86,15,1,52,31,5,22,31,166,43,7965,421,37,384,323,259
"species",385,385,223,326,123,86,15,1,52,31,5,22,31,166,43,7965,421,37,384,323,259
"species",386,386,212,313,116,162,26,1,50,61,9,43,49,161,43,7758,408,34,374,309,244
"species",387,387,173,271,85,309,47,4,46,106,23,81,96,179,47,7359,376,-2,378,268,200
"species",388,388,173,271,85,309,47,4,46,106,23,81,96,179,47,7359,376,-2,378,268,200
"species",389,389,198,315,85,119,14,3,35,41,15,26,36,149,37,8966,411,12,399,107,239
"species",390,390,119,220,28,243,29,7,35,83,34,61,80,148,41,7546,317,-42,359,40,148
"species",391,391,224,329,123,134,18,1,45,48,9,29,48,148,40,8124,418,48,370,140,259
"species",392,392,230,323,140,90,15,0,55,36,4,22,30,157,44,7265,412,61,351,292,257
"species",393,393,216,316,119,171,28,2,50,63,9,48,55,176,45,7777,414,29,385,313,249
"species",394,394,208,307,114,199,31,2,50,73,11,52,62,169,44,7641,404,28,376,304,239
"species",395,395,201,302,108,209,33,2,49,78,12,56,63,165,44,7641,398,25,373,298,232
"species",396,396,193,305,87,115,15,2,36,37,13,28,35,138,36,8543,395,19,376,106,232
"species",397,397,208,307,114,199,31,2,50,73,11,52,62,169,44,7641,404,28,376,304,239
"species",398,398,193,305,87,115,15,2,36,37,13,28,35,138,36,8543,395,19,376,106,232
"species",399,399,159,264,61,222,30,5,38,72,26,58,65,147,40,7981,360,-7,367,75,191
"species",400,400,193,305,87,115,15,2,36,37,13,28,35,138,36,8543,395,19,376,106,232
"species",401,401,189,293,93,170,26,2,44,58,15,46,54,128,37,7889,378,33,345,107,222
"species",402,402,180,281,88,225,32,3,44,75,18,56,71,177,46,7637,387,3,384,278,209
"species",403,403,159,264,61,222,30,5,38,72,26,58,65,147,40,7981,360,-7,367,75,191
"species",404,404,223,326,123,86,15,1,52,31,5,22,31,166,43,7965,421,37,384,323,259
"species",405,405,223,326,123,86,15,1,52,31,5,22,31,166,43,7965,421,37,384,323,259
"species",406,406,174,279,77,153,22,3,40,53,16,41,44,145,40,7952,371,9,362,274,207
"species",407,407,173,271,85,309,47,4,46,106,23,81,96,179,47,7359,376,-2,378,268,200
"species",408,408,226,327,126,128,18,1,49,47,8,27,47,157,41,7934,420,45,375,126,260
"species",409,409,198,315,85,119,14,3,35,41,15,26,36,149,37,8966,411,12,399,107,239
"species",410,410,224,329,123,134,18,1,45,48,9,29,48,148,40,8124,418,48,370,140,259
"species",411,411,225,326,127,137,29,1,62,61,8,50,39,163,43,7852,414,41,373,323,259
"species",412,412,212,313,115,231,42,4,52,91,16,74,64,185,47,7778,412,21,391,307,247
"species",413,413,201,302,108,209,33,2,49,78,12,56,63,165,44,7641,398,25,373,298,232
"species",414,414,201,302,108,209,33,2,49,78,12,56,63,165,44,7641,398,25,373,298,232
"species",415,415,226,320,133,64,11,0,54,26,3,18,26,172,46,7349,416,46,370,133,253
"species",416,416,189,293,93,170,26,2,44,58,15,46,54,128,37,7889,378,33,345,107,222
"species",417,417,170,269,74,299,53,7,60,141,23,114,72,195,49,7616,371,-23,394,262,207
"species",418,418,189,293,93,170,26,2,44,58,15,46,54,128,37,7889,378,33,345,107,222
"species",419,419,189,293,93,170,26,2,44,58,15,46,54,128,37,7889,378,33,345,107,222
"species",420,420,211,318,109,82,14,1,52,32,6,25,26,155,40,8187,415,30,385,312,248
"species",421,421,180,281,88,225,32,3,44,75,18,56,71,177,46,7637,387,3,384,278,209
"species",422,422,193,305,87,115,15,2,36,37,13,28,35,138,36,8543,395,19,376,106,232
"species",423,423,223,326,123,86,15,1,52,31,5,22,31,166,43,7965,421,37,384,323,259
"species",424,424,223,326,123,86,15,1,52,31,5,22,31,166,43,7965,421,37,384,323,259
"species",425,425,173,271,85,309,47,4,46,106,23,81,96,179,47,7359,376,-2,378,268,200
"species",426,426,226,327,126,128,18,1,49,47,8,27,47,157,41,7934,420,45,375,126,260
"species",427,427,198,315,85,119,14,3,35,41,15,26,36,149,37,8966,411,12,399,107,239
"species",428,428,225,326,127,137,29,1,62,61,8,50,39,163,43,7852,414,41,373,323,259
"species",429,429,212,313,115,231,42,4,52,91,16,74,64,185,47,7778,412,21,391,307,247
"species",430,430,201,302,108,209,33,2,49,78,12,56,63,165,44,7641,398,25,373,298,232
"species",431,431,201,302,108,209,33,2,49,78,12,56,63,165,44,7641,398,25,373,298,232
"species",432,432,159,264,61,222,30,5,38,72,26,58,65,147,40,7981,360,-7,367,75,191
"species",433,433,189,293,93,170,26,2,44,58,15,46,54,128,37,7889,378,33,345,107,222
"species",434,434,201,290,115,311,64,4,69,158,19,129,70,155,46,6944,369,36,333,285,233
"species",435,435,193,305,87,115,15,2,36,37,13,28,35,138,36,8543,395,19,376,106,232
"species",436,436,211,318,109,82,14,1,52,32,6,25,26,155,40,8187,415,30,385,312,248
"species",437,437,206,297,119,300,58,4,64,147,19,120,72,160,46,7076,378,35,343,292,238
"species",438,438,223,326,123,86,15,1,52,31,5,22,31,166,43,7965,421,37,384,323,259
"species",439,439,223,326,123,86,15,1,52,31,5,22,31,166,43,7965,421,37,384,323,259
"species",440,440,212,313,116,162,26,1,50,61,9,43,49,161,43,7758,408,34,374,309,244
"species",441,441,173,271,85,309,47,4,46,106,23,81,96,179,47,7359,376,-2,378,268,200
"species",442,442,173,271,85,309,47,4,46,106,23,81,96,179,47,7359,376,-2,378,268,200
"species",443,443,198,315,85,119,14,3,35,41,15,26,36,149,37,8966,411,12,399,107,239
"species",444,444,224,329,123,134,18,1,45,48,9,29,48,148,40,8124,418,48,370,140,259
"species",445,445,230,323,140,90,15,0,55,36,4,22,30,157,44,7265,412,61,351,292,257
"species",446,446,216,316,119,171,28,2,50,63,9,48,55,176,45,7777,414,29,385,313,249
"species",447,447,194,296,98,90,14,1,48,37,9,18,36,160,41,7771,400,18,382,115,225
"species",448,448,193,305,87,115,15,2,36,37,13,28,35,138,36,8543,395,19,376,106,232
"species",449,449,214,309,123,102,15,0,50,37,5,23,37,168,45,7335,409,37,372,139,242
"species",450,450,193,305,87,115,15,2,36,37,13,28,35,138,36,8543,395,19,376,106,232
"species",451,451,159,264,61,222,30,5,38,72,26,58,65,147,40,7981,360,-7,367,75,191
"species",452,452,176,286,72,112,14,3,36,39,15,28,37,169,41,8349,389,-18,407,92,213
"species",453,453,189,293,93,170,26,2,44,58,15,46,54,128,37,7889,378,33,345,107,222
"species",454,454,211,318,109,82,14,1,52,32,6,25,26,155,40,8187,415,30,385,312,248
"species",455,455,206,297,119,300,58,4,64,147,19,120,72,160,46,7076,378,35,343,292,238
"species",456,456,189,293,93,170,26,2,44,58,15,46,54,128,37,7889,378,33,345,107,222
"species",457,457,223,326,123,86,15,1,52,31,5,22,31,166,43,7965,421,37,384,323,259
"species",458,458,173,271,85,309,47,4,46,106,23,81,96,179,47,7359,376,-2,378,268,200
"species",459,459,173,271,85,309,47,4,46,106,23,81,96,179,47,7359,376,-2,378,268,200
"species",460,460,198,315,85,119,14,3,35,41,15,26,36,149,37,8966,411,12,399,107,239
"species",461,461,224,329,123,134,18,1,45,48,9,29,48,148,40,8124,418,48,370,140,259
"species",462,462,221,313,133,205,45,2,62,94,11,75,54,138,41,7173,393,63,330,311,248
"species",463,463,216,316,119,171,28,2,50,63,9,48,55,176,45,7777,414,29,385,313,249
"species",464,464,201,302,108,209,33,2,49,78,12,56,63,165,44,7641,398,25,373,298,232
"species",465,465,201,302,108,209,33,2,49,78,12,56,63,165,44,7641,398,25,373,298,232
"species",466,466,193,305,87,115,15,2,36,37,13,28,35,138,36,8543,395,19,376,106,232
"species",467,467,214,309,123,102,15,0,50,37,5,23,37,168,45,7335,409,37,372,139,242
"species",468,468,193,305,87,115,15,2,36,37,13,28,35,138,36,8543,395,19,376,106,232
"species",469,469,193,305,87,115,15,2,36,37,13,28,35,138,36,8543,395,19,376,106,232
"species",470,470,200,292,112,320,61,5,65,157,21,128,76,171,47,7122,380,23,357,287,232
"species",471,471,203,295,115,309,59,5,64,150,21,123,73,164,47,7104,378,30,348,290,236
"species",472,472,198,284,121,223,42,0,75,120,8,30,104,174,49,6433,390,38,352,129,254
"species",473,473,222,325,122,122,18,1,46,42,8,29,42,163,42,7985,420,38,382,122,257
"species",474,474,222,325,122,122,18,1,46,42,8,29,42,163,42,7985,420,38,382,122,257
"species",475,475,222,325,122,122,18,1,46,42,8,29,42,163,42,7985,420,38,382,122,257
"species",476,476,208,307,115,421,54,12,37,133,46,111,129,170,45,7596,400,30,370,303,241
"species",477,477,208,307,115,421,54,12,37,133,46,111,129,170,45,7596,400,30,370,303,241
"species",478,478,165,262,80,333,51,5,46,115,26,90,102,170,46,7222,362,-2,364,258,191
"species",479,479,207,278,144,59,16,0,90,28,1,25,21,172,55,5145,367,57,310,260,214
"species",480,480,208,307,115,421,54,12,37,133,46,111,129,170,45,7596,400,30,370,303,241
"species",481,481,222,325,122,122,18,1,46,42,8,29,42,163,42,7985,420,38,382,122,257
"species",482,482,222,325,122,122,18,1,46,42,8,29,42,163,42,7985,420,38,382,122,257
"species",483,483,222,325,122,122,18,1,46,42,8,29,42,163,42,7985,420,38,382,122,257
"species",484,484,211,309,117,269,37,3,45,89,18,68,85,164,44,7570,401,36,365,305,243
"species",485,485,226,323,131,149,32,1,62,67,8,54,42,153,42,7614,409,52,357,321,257
"species",486,486,232,324,142,111,20,0,56,46,4,31,34,149,43,7216,408,65,343,323,260
"species",487,487,218,322,116,133,21,1,47,46,8,33,44,169,43,8084,419,30,389,318,253
"species",488,488,207,276,146,63,19,0,90,29,1,28,25,170,55,5013,365,60,305,260,213
"species",489,489,208,295,128,183,31,1,63,88,10,30,83,172,48,6656,403,46,357,138,268
"species",490,490,212,315,113,157,25,1,48,58,9,41,49,171,43,7959,414,25,389,312,245
"species",491,491,223,324,124,145,29,2,56,61,9,51,42,167,44,7907,415,37,378,322,257
"species",492,492,222,325,122,122,18,1,46,42,8,29,42,163,42,7985,420,38,382,122,257
"species",493,493,180,274,94,513,72,7,48,171,36,131,171,151,44,7129,361,20,341,94,209
"species",494,494,208,307,115,421,54,12,37,133,46,111,129,170,45,7596,400,30,370,303,241
"species",495,495,208,307,115,421,54,12,37,133,46,111,129,170,45,7596,400,30,370,303,241
"species",496,496,209,310,113,244,43,4,51,94,16,76,70,183,47,7756,409,20,389,305,243
"species",497,497,222,325,122,122,18,1,46,42,8,29,42,163,42,7985,420,38,382,122,257
"species",498,498,211,309,117,269,37,3,45,89,18,68,85,164,44,7570,401,36,365,305,243
"species",499,499,222,325,122,122,18,1,46,42,8,29,42,163,42,7985,420,38,382,122,257
"species",500,500,222,325,122,122,18,1,46,42,8,29,42,163,42,7985,420,38,382,122,257
"species",501,501,211,309,117,269,37,3,45,89,18,68,85,164,44,7570,401,36,365,305,243
"species",502,502,226,323,131,149,32,1,62,67,8,54,42,153,42,7614,409,52,357,321,257
"species",503,503,232,324,142,111,20,0,56,46,4,31,34,149,43,7216,408,65,343,323,260
"species",504,504,206,269,150,93,18,0,70,40,2,31,40,168,58,4584,357,68,289,150,212
"species",505,505,211,309,117,269,37,3,45,89,18,68,85,164,44,7570,401,36,365,305,243
"species",506,506,222,325,122,122,18,1,46,42,8,29,42,163,42,7985,420,38,382,122,257
"species",507,507,222,325,122,122,18,1,46,42,8,29,42,163,42,7985,420,38,382,122,257
"species",508,508,208,307,115,421,54,12,37,133,46,111,129,170,45,7596,400,30,370,303,241
"species",509,509,208,307,115,421,54,12,37,133,46,111,129,170,45,7596,400,30,370,303,241
"species",510,510,208,307,115,421,54,12,37,133,46,111,129,170,45,7596,400,30,370,303,241
"species",511,511,209,310,113,244,43,4,51,94,16,76,70,183,47,7756,409,20,389,305,243
"species",512,512,222,325,122,122,18,1,46,42,8,29,42,163,42,7985,420,38,382,122,257
"species",513,513,211,309,117,269,37,3,45,89,18,68,85,164,44,7570,401,36,365,305,243
"species",514,514,222,325,122,122,18,1,46,42,8,29,42,163,42,7985,420,38,382,122,257
"species",515,515,211,309,117,269,37,3,45,89,18,68,85,164,44,7570,401,36,365,305,243
"species",516,516,218,321,118,128,20,1,49,45,8,32,42,165,42,8011,417,32,385,317,253
"species",517,517,232,324,142,111,20,0,56,46,4,31,34,149,43,7216,408,65,343,323,260
"species",518,518,206,269,150,93,18,0,70,40,2,31,40,168,58,4584,357,68,289,150,212
"species",519,519,228,319,138,73,12,0,51,31,4,11,30,173,46,7175,417,47,370,154,256
"species",520,520,214,312,119,224,31,3,45,77,16,59,70,167,45,7592,406,36,370,308,246
"species",521,521,222,325,122,122,18,1,46,42,8,29,42,163,42,7985,420,38,382,122,257
"species",522,522,208,307,115,421,54,12,37,133,46,111,129,170,45,7596,400,30,370,303,241
"species",523,523,208,307,115,421,54,12,37,133,46,111,129,170,45,7596,400,30,370,303,241
"species",524,524,208,307,115,421,54,12,37,133,46,111,129,170,45,7596,400,30,370,303,241
"species",525,525,208,307,115,421,54,12,37,133,46,111,129,170,45,7596,400,30,370,303,241
"species",526,526,209,310,113,244,43,4,51,94,16,76,70,183,47,7756,409,20,389,305,243
"species",527,527,222,325,122,122,18,1,46,42,8,29,42,163,42,7985,420,38,382,122,257
"species",528,528,211,309,117,269,37,3,45,89,18,68,85,164,44,7570,401,36,365,305,243
"species",529,529,222,325,122,122,18,1,46,42,8,29,42,163,42,7985,420,38,382,122,257
"species",530,530,222,325,122,122,18,1,46,42,8,29,42,163,42,7985,420,38,382,122,257
"species",531,531,222,325,122,122,18,1,46,42,8,29,42,163,42,7985,420,38,382,122,257
"species",532,532,232,324,142,111,20,0,56,46,4,31,34,149,43,7216,408,65,343,323,260
"species",533,533,232,324,142,111,20,0,56,46,4,31,34,149,43,7216,408,65,343,323,260
"species",534,534,232,324,142,111,20,0,56,46,4,31,34,149,43,7216,408,65,343,323,260
"species",535,535,208,307,115,421,54,12,37,133,46,111,129,170,45,7596,400,30,370,303,241
"species",536,536,214,312,119,224,31,3,45,77,16,59,70,167,45,7592,406,36,370,308,246
"species",537,537,222,325,122,122,18,1,46,42,8,29,42,163,42,7985,420,38,382,122,257
"species",538,538,222,325,122,122,18,1,46,42,8,29,42,163,42,7985,420,38,382,122,257
"species",539,539,214,312,119,224,31,3,45,77,16,59,70,167,45,7592,406,36,370,308,246
"species",540,540,208,307,115,421,54,12,37,133,46,111,129,170,45,7596,400,30,370,303,241
"species",541,541,208,307,115,421,54,12,37,133,46,111,129,170,45,7596,400,30,370,303,241
"species",542,542,208,307,115,421,54,12,37,133,46,111,129,170,45,7596,400,30,370,303,241
"species",543,543,209,310,113,244,43,4,51,94,16,76,70,183,47,7756,409,20,389,305,243
"species",544,544,209,308,114,441,55,14,36,137,52,116,135,173,46,7652,402,28,374,304,242
"species",545,545,211,309,117,269,37,3,45,89,18,68,85,164,44,7570,401,36,365,305,243
"species",546,546,222,325,122,122,18,1,46,42,8,29,42,163,42,7985,420,38,382,122,257
"species",547,547,222,325,122,122,18,1,46,42,8,29,42,163,42,7985,420,38,382,122,257
"species",548,548,211,309,117,269,37,3,45,89,18,68,85,164,44,7570,401,36,365,305,243
"species",549,549,224,326,123,121,17,1,45,43,8,27,43,162,42,8010,421,40,381,123,259
"species",550,550,232,324,142,111,20,0,56,46,4,31,34,149,43,7216,408,65,343,323,260
"species",551,551,232,324,142,111,20,0,56,46,4,31,34,149,43,7216,408,65,343,323,260
"species",552,552,226,323,131,149,32,1,62,67,8,54,42,153,42,7614,409,52,357,321,257
"species",553,553,222,325,122,122,18,1,46,42,8,29,42,163,42,7985,420,38,382,122,257
"species",554,554,222,325,122,122,18,1,46,42,8,29,42,163,42,7985,420,38,382,122,257
"species",555,555,222,325,122,122,18,1,46,42,8,29,42,163,42,7985,420,38,382,122,257
"species",556,556,173,269,87,463,62,7,43,153,37,117,147,177,47,7217,374,4,370,265,200
"species",557,557,208,307,115,421,54,12,37,133,46,111,129,170,45,7596,400,30,370,303,241
"species",558,558,208,307,115,421,54,12,37,133,46,111,129,170,45,7596,400,30,370,303,241
"species",559,559,208,307,115,421,54,12,37,133,46,111,129,170,45,7596,400,30,370,303,241
"species",560,560,209,310,113,244,43,4,51,94,16,76,70,183,47,7756,409,20,389,305,243
"species",561,561,209,309,114,470,55,17,33,147,60,122,144,178,46,7695,406,25,381,128,243
"species",562,562,222,325,122,122,18,1,46,42,8,29,42,163,42,7985,420,38,382,122,257
"species",563,563,222,325,122,122,18,1,46,42,8,29,42,163,42,7985,420,38,382,122,257
"species",564,564,215,320,113,139,22,1,49,49,8,35,45,173,43,8133,419,24,395,316,250
"species",565,565,211,309,117,269,37,3,45,89,18,68,85,164,44,7570,401,36,365,305,243
"species",566,566,218,321,118,128,20,1,49,45,8,32,42,165,42,8011,417,32,385,317,253
"species",567,567,218,321,118,143,21,1,49,48,9,34,48,162,42,8017,416,35,381,318,252
"species",568,568,232,324,142,111,20,0,56,46,4,31,34,149,43,7216,408,65,343,323,260
"species",569,569,232,324,142,111,20,0,56,46,4,31,34,149,43,7216,408,65,343,323,260
"species",570,570,208,307,115,421,54,12,37,133,46,111,129,170,45,7596,400,30,370,303,241
"species",571,571,222,325,122,122,18,1,46,42,8,29,42,163,42,7985,420,38,382,122,257
"species",572,572,208,307,115,421,54,12,37,133,46,111,129,170,45,7596,400,30,370,303,241
"species",573,573,208,307,115,421,54,12,37,133,46,111,129,170,45,7596,400,30,370,303,241
"species",574,574,208,307,115,421,54,12,37,133,46,111,129,170,45,7596,400,30,370,303,241
"species",575,575,209,310,113,244,43,4,51,94,16,76,70,183,47,7756,409,20,389,305,243
"species",576,576,208,307,115,421,54,12,37,133,46,111,129,170,45,7596,400,30,370,303,241
"species",577,577,209,310,113,244,43,4,51,94,16,76,70,183,47,7756,409,20,389,305,243
"species",578,578,222,325,122,122,18,1,46,42,8,29,42,163,42,7985,420,38,382,122,257
"species",579,579,222,325,122,122,18,1,46,42,8,29,42,163,42,7985,420,38,382,122,257
"species",580,580,224,326,123,121,17,1,45,43,8,27,43,162,42,8010,421,40,381,123,259
"species",581,581,222,325,122,122,18,1,46,42,8,29,42,163,42,7985,420,38,382,122,257
"species",582,582,232,324,142,111,20,0,56,46,4,31,34,149,43,7216,408,65,343,323,260
"species",583,583,175,271,86,317,50,4,48,113,22,86,97,183,48,7339,377,-4,381,269,202
"species",584,584,208,307,115,421,54,12,37,133,46,111,129,170,45,7596,400,30,370,303,241
"species",585,585,222,325,122,122,18,1,46,42,8,29,42,163,42,7985,420,38,382,122,257
"species",586,586,222,325,122,122,18,1,46,42,8,29,42,163,42,7985,420,38,382,122,257
"species",587,587,222,325,122,122,18,1,46,42,8,29,42,163,42,7985,420,38,382,122,257
"species",588,588,208,307,115,421,54,12,37,133,46,111,129,170,45,7596,400,30,370,303,241
"species",589,589,208,307,115,421,54,12,37,133,46,111,129,170,45,7596,400,30,370,303,241
"species",590,590,209,310,113,244,43,4,51,94,16,76,70,183,47,7756,409,20,389,305,243
"species",591,591,209,310,113,244,43,4,51,94,16,76,70,183,47,7756,409,20,389,305,243
"species",592,592,222,325,122,122,18,1,46,42,8,29,42,163,42,7985,420,38,382,122,257
"species",593,593,222,325,122,122,18,1,46,42,8,29,42,163,42,7985,420,38,382,122,257
"species",594,594,222,325,122,122,18,1,46,42,8,29,42,163,42,7985,420,38,382,122,257
"species",595,595,222,325,122,122,18,1,46,42,8,29,42,163,42,7985,420,38,382,122,257
"species",596,596,232,324,142,111,20,0,56,46,4,31,34,149,43,7216,408,65,343,323,260
"species",597,597,232,324,142,111,20,0,56,46,4,31,34,149,43,7216,408,65,343,323,260
"species",598,598,208,307,115,421,54,12,37,133,46,111,129,170,45,7596,400,30,370,303,241
"species",599,599,222,325,122,122,18,1,46,42,8,29,42,163,42,7985,420,38,382,122,257
"species",600,600,222,325,122,122,18,1,46,42,8,29,42,163,42,7985,420,38,382,122,257
"species",601,601,222,325,122,122,18,1,46,42,8,29,42,163,42,7985,420,38,382,122,257
"species",602,602,222,325,122,122,18,1,46,42,8,29,42,163,42,7985,420,38,382,122,257
"species",603,603,206,271,151,68,13,0,70,32,1,18,32,173,57,4596,364,65,299,151,209
"species",604,604,208,307,115,421,54,12,37,133,46,111,129,170,45,7596,400,30,370,303,241
"species",605,605,208,307,115,421,54,12,37,133,46,111,129,170,45,7596,400,30,370,303,241
"species",606,606,209,310,113,244,43,4,51,94,16,76,70,183,47,7756,409,20,389,305,243
"species",607,607,208,307,115,421,54,12,37,133,46,111,129,170,45,7596,400,30,370,303,241
"species",608,608,214,303,129,213,45,2,66,99,9,77,56,155,45,6933,391,51,340,302,239
"species",609,609,222,325,122,122,18,1,46,42,8,29,42,163,42,7985,420,38,382,122,257
"species",610,610,222,325,122,122,18,1,46,42,8,29,42,163,42,7985,420,38,382,122,257
"species",611,611,211,309,117,269,37,3,45,89,18,68,85,164,44,7570,401,36,365,305,243
"species",612,612,212,317,112,153,24,1,49,55,9,39,48,172,43,8029,415,23,392,312,246
"species",613,613,232,324,142,111,20,0,56,46,4,31,34,149,43,7216,408,65,343,323,260
"species",614,614,232,324,142,111,20,0,56,46,4,31,34,149,43,7216,408,65,343,323,260
"species",615,615,207,278,144,59,16,0,90,28,1,25,21,172,55,5145,367,57,310,260,214
"species",616,616,208,307,115,421,54,12,37,133,46,111,129,170,45,7596,400,30,370,303,241
"species",617,617,222,325,122,122,18,1,46,42,8,29,42,163,42,7985,420,38,382,122,257
"species",618,618,222,325,122,122,18,1,46,42,8,29,42,163,42,7985,420,38,382,122,257
"species",619,619,222,325,122,122,18,1,46,42,8,29,42,163,42,7985,420,38,382,122,257
"species",620,620,208,307,115,421,54,12,37,133,46,111,129,170,45,7596,400,30,370,303,241
"species",621,621,208,307,115,421,54,12,37,133,46,111,129,170,45,7596,400,30,370,303,241
"species",622,622,208,307,115,421,54,12,37,133,46,111,129,170,45,7596,400,30,370,303,241
"species",623,623,207,278,144,59,16,0,90,28,1,25,21,172,55,5145,367,57,310,260,214
"species",624,624,208,307,115,421,54,12,37,133,46,111,129,170,45,7596,400,30,370,303,241
"species",625,625,222,325,122,122,18,1,46,42,8,29,42,163,42,7985,420,38,382,122,257
"species",626,626,222,325,122,122,18,1,46,42,8,29,42,163,42,7985,420,38,382,122,257
"species",627,627,222,325,122,122,18,1,46,42,8,29,42,163,42,7985,420,38,382,122,257
"species",628,628,211,309,117,269,37,3,45,89,18,68,85,164,44,7570,401,36,365,305,243
"species",629,629,222,325,122,122,18,1,46,42,8,29,42,163,42,7985,420,38,382,122,257
"species",630,630,175,271,86,317,50,4,48,113,22,86,97,183,48,7339,377,-4,381,269,202
"species",631,631,232,324,142,111,20,0,56,46,4,31,34,149,43,7216,408,65,343,323,260
"species",632,632,232,324,142,111,20,0,56,46,4,31,34,149,43,7216,408,65,343,323,260
"species",633,633,207,276,146,63,19,0,90,29,1,28,25,170,55,5013,365,60,305,260,213
"species",634,634,212,310,118,238,34,3,47,83,16,64,73,165,45,7562,402,36,366,306,244
"species",635,635,222,325,122,122,18,1,46,42,8,29,42,163,42,7985,420,38,382,122,257
"species",636,636,222,325,122,122,18,1,46,42,8,29,42,163,42,7985,420,38,382,122,257
"species",637,637,222,325,122,122,18,1,46,42,8,29,42,163,42,7985,420,38,382,122,257
"species",638,638,208,307,115,421,54,12,37,133,46,111,129,170,45,7596,400,30,370,303,241
"species",639,639,208,307,115,421,54,12,37,133,46,111,129,170,45,7596,400,30,370,303,241
"species",640,640,208,307,115,421,54,12,37,133,46,111,129,170,45,7596,400,30,370,303,241
"species",641,641,167,210,130,242,47,1,84,131,3,7,123,109,54,3098,266,67,199,132,203
"species",642,642,207,278,144,59,16,0,90,28,1,25,21,172,55,5145,367,57,310,260,214
"species",643,643,208,307,115,421,54,12,37,133,46,111,129,170,45,7596,400,30,370,303,241
"species",644,644,222,325,122,122,18,1,46,42,8,29,42,163,42,7985,420,38,382,122,257
"species",645,645,222,325,122,122,18,1,46,42,8,29,42,163,42,7985,420,38,382,122,257
"species",646,646,222,325,122,122,18,1,46,42,8,29,42,163,42,7985,420,38,382,122,257
"species",647,647,211,309,117,269,37,3,45,89,18,68,85,164,44,7570,401,36,365,305,243
"species",648,648,222,325,122,122,18,1,46,42,8,29,42,163,42,7985,420,38,382,122,257
"species",649,649,232,324,142,111,20,0,56,46,4,31,34,149,43,7216,408,65,343,323,260
"species",650,650,232,324,142,111,20,0,56,46,4,31,34,149,43,7216,408,65,343,323,260
"species",651,651,207,276,146,63,19,0,90,29,1,28,25,170,55,5013,365,60,305,260,213
"species",652,652,192,252,140,138,29,0,67,68,5,31,68,166,59,4306,341,61,280,140,195
"species",653,653,224,326,123,121,17,1,45,43,8,27,43,162,42,8010,421,40,381,123,259
"species",654,654,222,325,122,122,18,1,46,42,8,29,42,163,42,7985,420,38,382,122,257
"species",655,655,222,325,122,122,18,1,46,42,8,29,42,163,42,7985,420,38,382,122,257
"species",656,656,222,325,122,122,18,1,46,42,8,29,42,163,42,7985,420,38,382,122,257
"species",657,657,208,307,115,421,54,12,37,133,46,111,129,170,45,7596,400,30,370,303,241
"species",658,658,208,307,115,421,54,12,37,133,46,111,129,170,45,7596,400,30,370,303,241
"species",659,659,208,307,115,421,54,12,37,133,46,111,129,170,45,7596,400,30,370,303,241
"species",660,660,209,310,113,244,43,4,51,94,16,76,70,183,47,7756,409,20,389,305,243
"species",661,661,222,325,122,122,18,1,46,42,8,29,42,163,42,7985,420,38,382,122,257
"species",662,662,211,309,117,269,37,3,45,89,18,68,85,164,44,7570,401,36,365,305,243
"species",663,663,222,325,122,122,18,1,46,42,8,29,42,163,42,7985,420,38,382,122,257
"species",664,664,222,325,122,122,18,1,46,42,8,29,42,163,42,7985,420,38,382,122,257
"species",665,665,211,309,117,269,37,3,45,89,18,68,85,164,44,7570,401,36,365,305,243
"species",666,666,226,323,131,149,32,1,62,67,8,54,42,153,42,7614,409,52,357,321,257
"species",667,667,232,324,142,111,20,0,56,46,4,31,34,149,43,7216,408,65,343,323,260
"species",668,668,232,324,142,111,20,0,56,46,4,31,34,149,43,7216,408,65,343,323,260
"species",669,669,207,276,146,64,20,0,94,29,1,28,26,170,55,5006,364,60,304,259,213
"species",670,670,228,319,138,73,12,0,51,31,4,11,30,173,46,7175,417,47,370,154,256
"species",671,671,212,317,112,153,24,1,49,55,9,39,48,172,43,8029,415,23,392,312,246
"species",672,672,222,325,122,122,18,1,46,42,8,29,42,163,42,7985,420,38,382,122,257
"species",673,673,160,243,82,488,118,6,81,269,28,229,108,167,50,6325,332,-2,334,237,188
"species",674,674,208,307,115,421,54,12,37,133,46,111,129,170,45,7596,400,30,370,303,241
"species",675,675,208,307,115,421,54,12,37,133,46,111,129,170,45,7596,400,30,370,303,241
"species",676,676,208,307,115,421,54,12,37,133,46,111,129,170,45,7596,400,30,370,303,241
"species",677,677,222,325,122,122,18,1,46,42,8,29,42,163,42,7985,420,38,382,122,257
"species",678,678,211,309,117,269,37,3,45,89,18,68,85,164,44,7570,401,36,365,305,243
"species",679,679,222,325,122,122,18,1,46,42,8,29,42,163,42,7985,420,38,382,122,257
"species",680,680,222,325,122,122,18,1,46,42,8,29,42,163,42,7985,420,38,382,122,257
"species",681,681,211,309,117,269,37,3,45,89,18,68,85,164,44,7570,401,36,365,305,243
"species",682,682,218,321,118,128,20,1,49,45,8,32,42,165,42,8011,417,32,385,317,253
"species",683,683,232,324,142,111,20,0,56,46,4,31,34,149,43,7216,408,65,343,323,260
"species",684,684,232,324,142,111,20,0,56,46,4,31,34,149,43,7216,408,65,343,323,260
"species",685,685,206,269,150,93,18,0,70,40,2,31,40,168,58,4584,357,68,289,150,212
"species",686,686,214,313,121,219,29,3,43,75,16,57,70,175,46,7573,410,34,376,309,247
"species",687,687,209,307,116,303,43,5,43,102,23,80,93,161,44,7570,397,36,361,303,241
"species",688,688,211,309,117,269,37,3,45,89,18,68,85,164,44,7570,401,36,365,305,243
"species",689,689,222,325,122,122,18,1,46,42,8,29,42,163,42,7985,420,38,382,122,257
"species",690,690,208,307,115,421,54,12,37,133,46,111,129,170,45,7596,400,30,370,303,241
"species",691,691,208,307,115,421,54,12,37,133,46,111,129,170,45,7596,400,30,370,303,241
"species",692,692,208,307,115,421,54,12,37,133,46,111,129,170,45,7596,400,30,370,303,241
"species",693,693,209,310,113,244,43,4,51,94,16,76,70,183,47,7756,409,20,389,305,243
"species",694,694,211,309,117,269,37,3,45,89,18,68,85,164,44,7570,401,36,365,305,243
"species",695,695,222,325,122,122,18,1,46,42,8,29,42,163,42,7985,420,38,382,122,257
"species",696,696,222,325,122,122,18,1,46,42,8,29,42,163,42,7985,420,38,382,122,257
"species",697,697,211,309,117,269,37,3,45,89,18,68,85,164,44,7570,401,36,365,305,243
"species",698,698,218,322,116,133,21,1,47,46,8,33,44,169,43,8084,419,30,389,318,253
"species",699,699,232,324,142,111,20,0,56,46,4,31,34,149,43,7216,408,65,343,323,260
"species",700,700,232,324,142,111,20,0,56,46,4,31,34,149,43,7216,408,65,343,323,260
"species",701,701,232,324,142,111,20,0,56,46,4,31,34,149,43,7216,408,65,343,323,260
"species",702,702,206,269,150,93,18,0,70,40,2,31,40,168,58,4584,357,68,289,150,212
"species",703,703,208,307,115,421,54,12,37,133,46,111,129,170,45,7596,400,30,370,303,241
"species",704,704,215,313,121,219,29,3,43,74,16,56,70,173,46,7554,410,36,374,309,247
"species",705,705,226,323,131,149,32,1,62,67,8,54,42,153,42,7614,409,52,357,321,257
"species",706,706,222,325,122,122,18,1,46,42,8,29,42,163,42,7985,420,38,382,122,257
"species",707,707,222,325,122,122,18,1,46,42,8,29,42,163,42,7985,420,38,382,122,257
"species",708,708,208,307,115,421,54,12,37,133,46,111,129,170,45,7596,400,30,370,303,241
"species",709,709,208,307,115,421,54,12,37,133,46,111,129,170,45,7596,400,30,370,303,241
"species",710,710,208,307,115,421,54,12,37,133,46,111,129,170,45,7596,400,30,370,303,241
"species",711,711,208,307,115,421,54,12,37,133,46,111,129,170,45,7596,400,30,370,303,241
"species",712,712,209,310,113,244,43,4,51,94,16,76,70,183,47,7756,409,20,389,305,243
"species",713,713,225,284,178,80,16,0,83,35,0,32,35,149,58,4106,356,100,256,178,220
"species",714,714,211,309,117,269,37,3,45,89,18,68,85,164,44,7570,401,36,365,305,243
"species",715,715,222,325,122,122,18,1,46,42,8,29,42,163,42,7985,420,38,382,122,257
"species",716,716,222,325,122,122,18,1,46,42,8,29,42,163,42,7985,420,38,382,122,257
"species",717,717,211,309,117,269,37,3,45,89,18,68,85,164,44,7570,401,36,365,305,243
"species",718,718,212,315,113,157,25,1,48,58,9,41,49,171,43,7959,414,25,389,312,245
"species",719,719,232,324,142,111,20,0,56,46,4,31,34,149,43,7216,408,65,343,323,260
"species",720,720,232,324,142,111,20,0,56,46,4,31,34,149,43,7216,408,65,343,323,260
"species",721,721,232,324,142,111,20,0,56,46,4,31,34,149,43,7216,408,65,343,323,260
"species",722,722,208,307,115,421,54,12,37,133,46,111,129,170,45,7596,400,30,370,303,241
"species",723,723,222,325,122,122,18,1,46,42,8,29,42,163,42,7985,420,38,382,122,257
"species",724,724,222,325,122,122,18,1,46,42,8,29,42,163,42,7985,420,38,382,122,257
"species",725,725,209,308,114,441,55,14,36,137,52,116,135,173,46,7652,402,28,374,304,242
"species",726,726,208,307,115,421,54,12,37,133,46,111,129,170,45,7596,400,30,370,303,241
"species",727,727,208,307,115,421,54,12,37,133,46,111,129,170,45,7596,400,30,370,303,241
"species",728,728,208,307,115,421,54,12,37,133,46,111,129,170,45,7596,400,30,370,303,241
"species",729,729,209,310,113,244,43,4,51,94,16,76,70,183,47,7756,409,20,389,305,243
"species",730,730,209,308,114,441,55,14,36,137,52,116,135,173,46,7652,402,28,374,304,242
"species",731,731,211,309,117,269,37,3,45,89,18,68,85,164,44,7570,401,36,365,305,243
"species",732,732,222,325,122,122,18,1,46,42,8,29,42,163,42,7985,420,38,382,122,257
"species",733,733,222,325,122,122,18,1,46,42,8,29,42,163,42,7985,420,38,382,122,257
"species",734,734,211,309,117,269,37,3,45,89,18,68,85,164,44,7570,401,36,365,305,243
"species",735,735,232,324,142,111,20,0,56,46,4,31,34,149,43,7216,408,65,343,323,260
"species",736,736,232,324,142,111,20,0,56,46,4,31,34,149,43,7216,408,65,343,323,260
"species",737,737,226,323,131,149,32,1,62,67,8,54,42,153,42,7614,409,52,357,321,257
"species",738,738,215,313,121,219,29,3,43,74,16,56,70,173,46,7554,410,36,374,309,247
"species",739,739,222,325,122,122,18,1,46,42,8,29,42,163,42,7985,420,38,382,122,257
"species",740,740,222,325,122,122,18,1,46,42,8,29,42,163,42,7985,420,38,382,122,257
"species",741,741,163,258,76,554,72,8,45,183,42,135,182,166,46,7203,356,-3,359,86,191
"species",742,742,208,307,115,421,54,12,37,133,46,111,129,170,45,7596,400,30,370,303,241
"species",743,743,208,307,115,421,54,12,37,133,46,111,129,170,45,7596,400,30,370,303,241
"species",744,744,209,310,113,244,43,4,51,94,16,76,70,183,47,7756,409,20,389,305,243
"species",745,745,209,309,114,470,55,17,33,147,60,122,144,178,46,7695,406,25,381,128,243
"species",746,746,211,309,117,269,37,3,45,89,18,68,85,164,44,7570,401,36,365,305,243
"species",747,747,222,325,122,122,18,1,46,42,8,29,42,163,42,7985,420,38,382,122,257
"species",748,748,215,320,113,139,22,1,49,49,8,35,45,173,43,8133,419,24,395,316,250
"species",749,749,224,326,123,121,17,1,45,43,8,27,43,162,42,8010,421,40,381,123,259
"species",750,750,218,321,118,143,21,1,49,48,9,34,48,162,42,8017,416,35,381,318,252
"species",751,751,232,324,142,111,20,0,56,46,4,31,34,149,43,7216,408,65,343,323,260
"species",752,752,180,274,94,513,72,7,48,171,36,131,171,151,44,7129,361,20,341,94,209
"species",753,753,208,307,115,421,54,12,37,133,46,111,129,170,45,7596,400,30,370,303,241
"species",754,754,222,325,122,122,18,1,46,42,8,29,42,163,42,7985,420,38,382,122,257
"species",755,755,222,325,122,122,18,1,46,42,8,29,42,163,42,7985,420,38,382,122,257
"species",756,756,222,325,122,122,18,1,46,42,8,29,42,163,42,7985,420,38,382,122,257
"species",757,757,222,325,122,122,18,1,46,42,8,29,42,163,42,7985,420,38,382,122,257
"species",758,758,208,307,115,421,54,12,37,133,46,111,129,170,45,7596,400,30,370,303,241
"species",759,759,209,310,113,244,43,4,51,94,16,76,70,183,47,7756,409,20,389,305,243
"species",760,760,208,307,115,421,54,12,37,133,46,111,129,170,45,7596,400,30,370,303,241
"species",761,761,207,276,146,63,19,0,90,29,1,28,25,170,55,5013,365,60,305,260,213
"species",762,762,222,325,122,122,18,1,46,42,8,29,42,163,42,7985,420,38,382,122,257
"species",763,763,218,314,125,190,40,2,63,85,10,69,52,149,42,7473,398,49,349,311,248
"species",764,764,222,325,122,122,18,1,46,42,8,29,42,163,42,7985,420,38,382,122,257
"species",765,765,218,321,118,143,21,1,49,48,9,34,48,162,42,8017,416,35,381,318,252
"species",766,766,175,271,86,317,50,4,48,113,22,86,97,183,48,7339,377,-4,381,269,202
"species",767,767,222,325,122,122,18,1,46,42,8,29,42,163,42,7985,420,38,382,122,257
"species",768,768,222,325,122,122,18,1,46,42,8,29,42,163,42,7985,420,38,382,122,257
"species",769,769,208,307,115,421,54,12,37,133,46,111,129,170,45,7596,400,30,370,303,241
"species",770,770,208,307,115,421,54,12,37,133,46,111,129,170,45,7596,400,30,370,303,241
"species",771,771,215,313,121,219,29,3,43,74,16,56,70,173,46,7554,410,36,374,309,247
"species",772,772,207,276,146,63,19,0,90,29,1,28,25,170,55,5013,365,60,305,260,213
"species",773,773,222,325,122,122,18,1,46,42,8,29,42,163,42,7985,420,38,382,122,257
"species",774,774,222,325,122,122,18,1,46,42,8,29,42,163,42,7985,420,38,382,122,257
"species",775,775,209,310,113,244,43,4,51,94,16,76,70,183,47,7756,409,20,389,305,243
"species",776,776,222,325,122,122,18,1,46,42,8,29,42,163,42,7985,420,38,382,122,257
"species",777,777,206,303,114,315,42,4,44,102,22,78,100,161,44,7481,395,36,359,300,237
"species",778,778,232,324,142,111,20,0,56,46,4,31,34,149,43,7216,408,65,343,323,260
"species",779,779,232,324,142,111,20,0,56,46,4,31,34,149,43,7216,408,65,343,323,260
"species",780,780,175,271,86,317,50,4,48,113,22,86,97,183,48,7339,377,-4,381,269,202
"species",781,781,222,325,122,122,18,1,46,42,8,29,42,163,42,7985,420,38,382,122,257
"species",782,782,222,325,122,122,18,1,46,42,8,29,42,163,42,7985,420,38,382,122,257
"species",783,783,222,325,122,122,18,1,46,42,8,29,42,163,42,7985,420,38,382,122,257
"species",784,784,209,308,114,441,55,14,36,137,52,116,135,173,46,7652,402,28,374,304,242
"species",785,785,208,307,115,421,54,12,37,133,46,111,129,170,45,7596,400,30,370,303,241
"species",786,786,208,307,115,421,54,12,37,133,46,111,129,170,45,7596,400,30,370,303,241
"species",787,787,209,310,113,244,43,4,51,94,16,76,70,183,47,7756,409,20,389,305,243
"species",788,788,196,292,109,376,47,5,45,126,27,87,126,163,45,7289,388,29,359,119,224
"species",789,789,222,325,122,122,18,1,46,42,8,29,42,163,42,7985,420,38,382,122,257
"species",790,790,222,325,122,122,18,1,46,42,8,29,42,163,42,7985,420,38,382,122,257
"species",791,791,215,320,113,139,22,1,49,49,8,35,45,173,43,8133,419,24,395,316,250
"species",792,792,222,325,122,122,18,1,46,42,8,29,42,163,42,7985,420,38,382,122,257
"species",793,793,232,324,142,111,20,0,56,46,4,31,34,149,43,7216,408,65,343,323,260
"species",794,794,175,271,86,317,50,4,48,113,22,86,97,183,48,7339,377,-4,381,269,202
"species",795,795,210,307,118,259,33,3,45,86,18,61,86,166,45,7479,401,36,365,131,241
"species",796,796,216,306,131,131,23,1,60,59,8,19,59,173,47,6912,411,44,367,131,241
"species",797,797,211,310,118,221,31,3,46,77,15,59,70,173,46,7563,405,32,373,306,244
"species",798,798,216,296,132,483,145,4,101,303,31,286,78,189,51,6486,396,29,367,289,209
"species",799,799,224,313,139,111,22,0,66,55,5,13,55,172,46,6898,416,50,366,139,250
"species",800,800,177,247,119,138,21,1,56,55,7,39,55,167,55,4970,337,36,301,119,182
"species",801,801,224,326,124,93,16,1,55,33,6,23,33,164,42,7970,421,39,382,323,259
"species",802,802,195,284,109,349,69,5,64,169,21,138,87,159,46,6932,367,28,339,278,227
"species",803,803,237,308,163,298,86,2,110,200,12,200,58,157,51,5819,385,79,306,308,223
"species",804,804,226,276,188,151,38,0,97,88,2,88,25,130,59,3467,335,118,217,276,211
"species",805,805,206,297,119,304,59,4,64,148,19,121,73,158,46,7048,377,37,340,292,238
"species",806,806,171,243,110,350,74,2,85,194,8,15,186,157,51,5221,342,36,306,115,237
"species",807,807,228,326,134,77,14,0,57,31,3,20,26,162,44,7581,417,52,365,291,259
"species",808,808,193,284,107,338,71,5,70,176,21,144,75,173,48,7011,372,17,355,279,225
"species",809,809,194,297,100,150,25,1,47,54,12,42,47,136,38,7764,385,34,351,291,226
"species",810,810,182,246,128,266,47,3,70,136,16,25,126,158,54,4638,341,50,291,134,219
"species",811,811,228,326,134,77,14,0,57,31,3,20,26,162,44,7581,417,52,365,291,259
"species",812,812,228,326,134,77,14,0,57,31,3,20,26,162,44,7581,417,52,365,291,259
"species",813,813,193,284,107,338,71,5,70,176,21,144,75,173,48,7011,372,17,355,279,225
"species",814,814,187,283,97,301,47,4,48,108,21,81,94,186,48,7346,389,3,386,280,215
"species",815,815,192,282,107,338,69,5,65,161,18,130,89,160,46,6945,370,26,344,278,220
"species",816,816,193,284,107,338,71,5,70,176,21,144,75,173,48,7011,372,17,355,279,225
"species",817,817,194,280,115,230,40,1,64,109,14,22,108,170,48,6556,389,35,354,126,254
"species",818,818,221,319,129,89,16,0,55,35,4,24,29,160,44,7497,411,49,362,317,250
"species",819,819,228,326,134,77,14,0,57,31,3,20,26,162,44,7581,417,52,365,291,259
"species",820,820,192,284,105,331,71,5,74,177,20,144,73,180,49,7040,375,12,363,279,224
"species",821,821,194,280,115,230,40,1,64,109,14,22,108,170,48,6556,389,35,354,126,254
"species",822,822,182,236,135,437,96,0,95,268,6,14,245,138,54,3959,315,61,254,140,229
"species",823,823,193,284,107,338,71,5,70,176,21,144,75,173,48,7011,372,17,355,279,225
"species",824,824,193,284,107,338,71,5,70,176,21,144,75,173,48,7011,372,17,355,279,225
"species",825,825,136,231,50,322,53,7,46,122,31,101,89,170,46,7145,334,-28,362,227,162
"species",826,826,205,290,128,200,37,1,72,104,9,27,93,173,49,6404,396,44,352,137,262
"species",827,827,214,309,123,102,15,0,50,37,5,23,37,168,45,7335,409,37,372,139,242
"species",828,828,236,297,177,217,56,0,101,144,2,144,22,146,55,4769,360,96,264,297,244
"species",829,829,228,326,134,77,14,0,57,31,3,20,26,162,44,7581,417,52,365,291,259
"species",830,830,206,305,113,219,34,2,49,77,12,57,72,173,45,7593,402,25,377,301,238
"species",831,831,194,297,100,150,25,1,47,54,12,42,47,136,38,7764,385,34,351,291,226
"species",832,832,193,284,107,338,71,5,70,176,21,144,75,173,48,7011,372,17,355,279,225
"species",833,833,206,305,113,219,34,2,49,77,12,57,72,173,45,7593,402,25,377,301,238
"species",834,834,202,295,113,309,60,5,67,154,21,126,72,175,48,7174,384,22,362,290,234
"species",835,835,228,326,134,77,14,0,57,31,3,20,26,162,44,7581,417,52,365,291,259
"species",836,836,206,305,113,219,34,2,49,77,12,57,72,173,45,7593,402,25,377,301,238
"species",837,837,221,319,129,89,16,0,55,35,4,24,29,160,44,7497,411,49,362,317,250
"species",838,838,228,326,134,77,14,0,57,31,3,20,26,162,44,7581,417,52,365,291,259
"species",839,839,198,300,100,401,51,6,44,135,30,95,135,156,42,7857,392,24,368,100,234
"species",840,840,204,295,118,299,61,4,68,150,19,123,69,155,46,7001,373,38,335,290,237
"species",841,841,192,282,107,338,69,5,65,161,18,130,89,160,46,6945,370,26,344,278,220
"species",842,842,228,326,134,77,14,0,57,31,3,20,26,162,44,7581,417,52,365,291,259
"species",843,843,182,246,128,266,47,3,70,136,16,25,126,158,54,4638,341,50,291,134,219
"species",844,844,225,320,133,78,14,0,58,31,3,20,27,166,45,7366,414,52,362,288,253
"species",845,845,194,280,115,230,40,1,64,109,14,22,108,170,48,6556,389,35,354,126,254
"species",846,846,194,280,115,230,40,1,64,109,14,22,108,170,48,6556,389,35,354,126,254
"species",847,847,194,280,115,230,40,1,64,109,14,22,108,170,48,6556,389,35,354,126,254
"species",848,848,203,295,116,328,62,5,61,154,20,125,83,161,46,7047,378,34,344,289,236
"species",849,849,216,314,122,212,28,3,45,72,15,54,67,173,46,7582,409,36,373,310,248
"species",850,850,216,306,131,131,23,1,60,59,8,19,59,173,47,6912,411,44,367,131,241
"species",851,851,237,308,163,298,86,2,110,200,12,200,58,157,51,5819,385,79,306,308,223
"species",852,852,244,307,181,221,69,2,109,155,6,155,35,115,47,4945,357,117,240,307,258
"species",853,853,97,176,25,761,132,13,57,332,59,282,205,126,44,5997,251,-34,285,169,123
"species",854,854,218,321,120,114,19,1,52,41,6,30,39,152,41,7916,412,44,368,318,252
"species",855,855,196,286,111,316,69,4,74,166,16,134,78,175,49,6927,378,21,357,282,224
"species",856,856,196,286,111,316,69,4,74,166,16,134,78,175,49,6927,378,21,357,282,224
"species",857,857,218,321,120,114,19,1,52,41,6,30,39,152,41,7916,412,44,368,318,252
"species",858,858,180,267,97,405,84,6,73,212,23,173,96,168,48,6732,355,11,344,262,209
"species",859,859,196,286,111,316,69,4,74,166,16,134,78,175,49,6927,378,21,357,282,224
"species",860,860,218,321,120,114,19,1,52,41,6,30,39,152,41,7916,412,44,368,318,252
"species",861,861,218,321,120,114,19,1,52,41,6,30,39,152,41,7916,412,44,368,318,252
