"species","x","y","bio1","bio10","bio11","bio12","bio13","bio14","bio15","bio16","bio17","bio18","bio19","bio2","bio3","bio4","bio5","bio6","bio7","bio8","bio9"
"background",1,1,224,309,143,66,12,0,69,28,1,23,28,172,50,6455,402,58,344,143,244
"background",2,2,152,181,116,701,186,5,104,452,19,316,46,157,63,2508,274,25,249,168,144
"background",3,3,132,152,108,682,122,7,80,356,26,237,33,165,71,1729,245,14,231,144,108
"background",4,4,112,236,-6,361,46,19,26,125,67,67,74,120,30,9356,332,-65,397,101,236
"background",5,5,99,186,18,636,119,7,73,330,37,37,314,173,47,6615,315,-48,363,22,186
"background",6,6,71,178,-30,350,39,14,27,111,51,62,99,162,40,8112,297,-105,402,59,173
"background",7,7,86,181,-2,556,86,11,46,223,53,181,142,157,43,7164,276,-81,357,176,115
"background",8,8,126,228,27,363,70,10,64,178,34,176,34,179,45,7806,326,-70,396,219,27
"background",9,9,167,255,74,314,60,7,74,170,23,150,32,174,47,7041,343,-21,364,243,127
"background",10,10,175,231,105,340,66,6,69,176,28,148,35,138,50,4962,304,31,273,222,121
"background",11,11,138,245,33,370,76,7,71,186,27,186,27,171,42,8242,338,-62,400,245,33
"background",12,12,156,229,76,399,97,5,104,276,21,230,24,179,51,6019,324,-23,347,219,120
"background",13,13,211,242,169,636,148,9,90,351,32,186,35,157,62,2987,333,82,251,232,170
"background",14,14,83,181,-13,455,88,11,69,225,37,225,37,166,43,7551,274,-104,378,181,-13
"background",15,15,194,223,157,870,213,7,104,547,26,205,31,167,63,2575,321,57,264,215,187
"background",16,16,87,194,-14,255,32,10,29,80,37,47,74,145,38,8049,303,-75,378,-6,187
"background",17,17,229,298,157,337,89,2,101,219,12,219,72,156,52,5653,375,75,300,298,250
"background",18,18,177,209,133,443,66,8,60,193,41,193,48,161,64,3019,298,47,251,209,145
"background",19,19,222,283,167,184,49,1,96,113,3,113,44,141,55,4515,351,95,256,283,228
"background",20,20,34,145,-74,467,50,28,14,133,99,104,123,151,37,8547,259,-141,400,72,140
"background",21,21,50,135,-28,652,112,15,61,314,59,63,286,158,45,6445,258,-90,348,-21,134
"background",22,22,188,215,153,699,157,6,99,431,26,181,31,159,64,2492,306,61,245,210,164
"background",23,23,158,187,121,429,97,5,86,249,19,177,42,170,66,2600,282,26,256,176,149
"background",24,24,196,292,106,284,43,3,49,99,18,73,91,178,47,7394,394,17,377,289,225
"background",25,25,89,200,-22,310,48,15,36,118,49,99,62,161,39,8568,305,-106,411,192,130
"background",26,26,165,243,85,199,36,0,81,101,2,2,101,159,47,6248,354,20,334,102,243
"background",27,27,138,219,66,773,163,1,88,421,11,11,421,161,47,6131,336,0,336,66,219
"background",28,28,229,297,152,683,153,18,69,319,61,237,61,132,44,5722,373,77,296,268,152
"background",29,29,60,169,-48,540,84,14,50,235,55,64,224,158,39,8402,293,-112,405,-35,164
"background",30,30,186,263,100,319,74,2,99,211,15,184,21,163,47,6386,347,5,342,251,116
"background",31,31,103,230,-23,524,89,11,64,260,34,226,34,161,36,9788,327,-113,440,203,-23
"background",32,32,164,269,51,1009,141,42,33,349,150,239,150,131,35,8404,345,-28,373,208,51
"background",33,33,167,267,73,475,65,7,43,158,37,123,147,180,46,7597,372,-14,386,262,199
"background",34,34,172,266,72,354,61,8,58,156,33,139,33,163,44,7507,347,-22,369,255,72
"background",35,35,180,240,109,403,99,3,101,265,15,233,22,185,55,5135,336,5,331,229,156
"background",36,36,114,244,-26,800,119,16,53,323,60,314,60,133,30,10379,326,-106,432,221,-26
"background",37,37,93,201,-3,254,30,11,25,85,41,49,65,168,41,8005,325,-78,403,76,197
"background",38,38,30,128,-68,520,82,23,42,207,78,207,78,164,42,7638,227,-159,386,128,-68
"background",39,39,225,323,130,67,11,0,55,25,2,16,24,167,44,7621,418,45,373,289,255
"background",40,40,146,243,52,272,58,5,74,150,21,127,44,184,48,7449,336,-44,380,233,141
"background",41,41,183,228,125,447,82,8,72,235,33,176,45,162,59,4138,315,41,274,220,165
"background",42,42,218,301,138,109,20,0,55,46,4,44,33,148,46,6437,382,63,319,276,239
"background",43,43,209,281,127,1106,156,57,29,352,195,300,217,103,38,6009,336,65,271,256,170
"background",44,44,249,283,210,842,192,1,98,529,8,405,65,106,58,2987,328,147,181,282,238
"background",45,45,104,139,74,1816,325,4,80,930,37,55,902,89,55,2595,191,31,160,79,135
"background",46,46,183,214,141,423,69,6,61,192,36,186,48,168,65,2977,308,50,258,213,153
"background",47,47,154,177,125,712,162,7,89,410,30,215,37,164,67,2088,272,29,243,171,125
"background",48,48,162,258,66,247,49,5,73,136,21,119,34,170,46,7479,346,-23,369,247,117
"background",49,49,180,224,142,337,75,0,95,205,4,10,195,107,54,3216,281,83,198,145,217
"background",50,50,138,173,95,864,210,4,99,561,25,514,98,134,59,3084,246,21,225,166,143
"background",51,51,161,265,51,564,84,17,50,213,60,201,60,151,39,8270,350,-37,387,245,51
"background",52,52,133,226,44,359,72,7,71,190,30,159,70,182,49,7113,322,-46,368,218,122
"background",53,53,87,208,-25,399,73,9,65,201,29,164,29,162,38,9073,311,-110,421,181,-25
"background",54,54,185,212,148,456,86,10,78,233,34,137,35,166,65,2597,307,55,252,208,160
"background",55,55,182,281,88,83,15,1,61,38,7,11,38,163,42,7629,388,7,381,104,255
"background",56,56,220,293,139,516,147,5,98,323,26,303,86,185,51,6101,396,40,356,285,215
"background",57,57,215,285,133,867,129,34,37,293,135,259,145,122,41,5898,352,60,292,261,148
"background",58,58,217,248,177,1148,288,4,108,803,31,640,109,124,60,2827,311,107,204,243,200
"background",59,59,32,150,-92,307,34,19,17,93,63,78,65,176,39,9381,275,-174,449,80,-73
"background",60,60,174,259,88,273,71,3,96,176,15,152,32,186,50,6691,364,-5,369,248,172
"background",61,61,69,173,-27,301,34,13,27,97,46,57,85,169,41,7798,300,-103,403,-18,168
"background",62,62,242,278,195,1308,304,19,79,656,74,535,119,83,47,3321,322,147,175,274,225
"background",63,63,136,252,16,561,90,12,53,234,53,217,53,155,37,9128,342,-75,417,228,16
"background",64,64,-23,78,-116,699,73,41,17,198,149,186,180,139,38,7751,164,-196,360,74,5
"background",65,65,138,261,8,791,111,21,44,301,78,280,78,129,31,9733,342,-67,409,236,8
"background",66,66,40,151,-74,396,40,24,13,117,87,112,88,177,41,8713,268,-163,431,144,-57
"background",67,67,158,256,54,500,71,14,54,201,48,190,48,157,42,7819,337,-36,373,239,54
"background",68,68,206,240,161,515,116,6,87,287,28,202,30,147,60,3195,325,81,244,230,175
"background",69,69,110,218,7,198,19,13,10,55,45,49,45,180,42,8199,337,-82,419,100,55
"background",70,70,206,283,117,669,96,34,39,239,114,174,116,132,41,6454,356,41,315,244,127
"background",71,71,141,248,34,464,75,12,59,211,39,211,39,163,41,8283,335,-60,395,248,34
"background",72,72,115,243,-20,768,114,15,53,317,58,303,58,131,31,10111,326,-95,421,219,-20
"background",73,73,74,154,7,656,112,4,71,321,44,56,315,155,48,5923,252,-67,319,10,129
"background",74,74,2,106,-103,593,70,32,21,188,110,167,144,166,40,8209,204,-201,405,101,39
"background",75,75,102,226,-14,245,28,16,18,78,52,55,53,139,33,9319,331,-83,414,90,219
"background",76,76,53,164,-55,594,62,25,25,179,94,94,174,149,37,8516,277,-125,402,40,164
"background",77,77,124,247,1,554,84,13,56,250,45,233,45,151,35,9520,336,-85,421,221,1
"background",78,78,69,157,-13,655,110,9,64,298,43,44,298,163,45,6721,281,-80,361,-5,156
"background",79,79,171,272,78,99,19,1,64,48,6,10,48,159,42,7669,377,2,375,78,246
"background",80,80,122,214,36,414,83,9,68,213,36,181,86,177,49,6935,307,-51,358,205,156
"background",81,81,29,133,-64,346,53,14,43,140,45,109,45,155,40,7728,241,-140,381,61,-64
"background",82,82,154,247,60,257,51,4,75,143,19,126,29,179,47,7281,339,-34,373,236,111
"background",83,83,48,165,-66,228,30,11,29,78,35,69,35,166,39,8941,284,-141,425,139,-66
"background",84,84,225,283,178,70,17,0,87,35,0,23,35,149,58,4065,354,101,253,178,218
"background",85,85,133,154,109,748,140,14,74,363,44,225,59,146,68,1740,239,25,214,140,110
"background",86,86,153,167,138,1105,212,15,86,594,54,313,75,125,71,1133,241,67,174,157,140
"background",87,87,82,212,-59,232,27,12,21,73,42,60,42,167,35,10375,328,-148,476,158,-59
"background",88,88,87,203,-21,391,72,10,60,186,33,146,33,169,40,8702,316,-105,421,177,-21
"background",89,89,166,272,55,577,85,19,49,209,64,191,64,158,39,8387,359,-37,396,252,55
"background",90,90,179,271,84,300,57,8,60,140,30,120,35,179,47,7300,359,-14,373,260,102
"background",91,91,144,239,46,390,69,10,66,191,34,178,35,175,45,7513,329,-52,381,229,63
"background",92,92,161,175,145,1309,269,8,98,776,47,394,47,161,74,1130,265,49,216,167,145
"background",93,93,157,267,41,758,123,28,41,275,97,210,97,136,34,8754,348,-41,389,203,41
"background",94,94,23,128,-79,608,60,39,12,174,131,168,131,164,41,8095,241,-155,396,105,-79
"background",95,95,39,156,-69,298,43,16,31,108,50,80,50,135,34,8818,259,-127,386,75,-69
"background",96,96,79,194,-36,293,34,15,20,90,52,59,75,147,36,8865,310,-98,408,72,187
"background",97,97,197,231,153,757,192,4,100,491,16,299,83,144,60,3094,309,72,237,223,205
"background",98,98,87,191,-9,245,29,9,27,79,38,50,63,176,43,7754,324,-84,408,118,184
"background",99,99,208,299,121,255,55,3,68,125,11,99,65,171,47,7038,392,35,357,297,236
"background",100,100,150,243,67,556,79,9,45,191,45,151,175,163,46,6996,341,-10,351,239,176
"background",101,101,171,268,74,223,46,4,75,126,19,104,34,177,46,7585,361,-17,378,257,168
"background",102,102,168,251,85,180,34,1,77,95,4,4,92,163,47,6558,363,18,345,102,251
"background",103,103,230,334,131,75,13,1,48,29,4,22,24,145,39,7947,422,57,365,328,266
"background",104,104,36,149,-80,296,33,18,20,93,57,74,57,171,39,8853,269,-159,428,80,-80
"background",105,105,196,246,134,379,93,2,104,253,10,229,24,197,60,4486,349,23,326,237,177
"background",106,106,223,321,129,152,26,1,53,60,8,43,46,158,43,7618,411,48,363,319,254
"background",107,107,88,205,-24,337,36,18,18,102,60,60,90,167,39,8895,322,-105,427,77,205
"background",108,108,85,177,6,342,54,7,56,151,34,42,151,136,41,6817,271,-58,329,13,151
"background",109,109,197,257,147,171,39,0,93,104,1,104,52,155,58,4229,333,69,264,257,197
"background",110,110,72,151,1,1323,224,16,65,642,84,84,580,138,44,5993,261,-49,310,6,151
"background",111,111,192,284,92,352,67,10,57,154,36,109,39,154,43,7459,358,0,358,243,112
"background",112,112,220,302,140,99,18,0,59,43,2,39,32,150,47,6373,383,64,319,278,241
"background",113,113,178,277,73,833,118,41,32,286,136,198,136,134,37,7898,354,-6,360,220,73
"background",114,114,186,214,149,2186,415,42,80,1165,144,837,146,129,60,2649,289,75,214,206,159
"background",115,115,74,197,-52,281,30,17,18,88,54,75,54,150,34,9592,302,-131,433,146,-52
"background",116,116,175,277,65,713,100,30,38,246,102,188,102,144,38,8176,357,-21,378,221,65
"background",117,117,80,166,1,682,102,7,59,297,44,48,285,162,46,6551,283,-69,352,7,164
"background",118,118,182,274,82,671,95,31,36,234,102,183,103,146,40,7441,353,-4,357,225,94
"background",119,119,88,208,-30,291,40,18,24,100,59,74,59,157,36,9162,327,-103,430,129,-30
"background",120,120,164,194,126,464,94,8,78,251,34,202,42,160,64,2695,285,35,250,190,157
"background",121,121,108,185,47,1144,219,2,84,596,19,31,586,149,48,5622,294,-14,308,52,184
"background",122,122,53,163,-62,281,50,9,53,127,33,121,33,181,41,8697,271,-166,437,155,-62
"background",123,123,165,207,114,477,115,1,105,324,10,272,27,184,63,3700,308,17,291,197,148
"background",124,124,183,217,141,643,161,4,103,414,17,280,43,178,63,2975,318,38,280,205,171
"background",125,125,79,208,-46,337,63,7,63,164,25,133,25,163,36,9788,321,-129,450,179,-46
"background",126,126,157,232,77,523,133,7,85,300,35,280,91,175,50,6117,333,-13,346,224,153
"background",127,127,115,222,13,249,35,9,31,83,37,71,64,161,41,8152,326,-63,389,215,152
"background",128,128,166,231,94,473,129,3,117,356,15,289,23,171,52,5364,325,-1,326,219,138
"background",129,129,131,223,45,438,77,11,58,203,37,166,104,196,51,6988,328,-52,380,217,163
"background",130,130,84,198,-25,231,29,12,24,75,39,61,39,179,40,8636,324,-114,438,121,-16
"background",131,131,35,124,-49,681,104,37,37,259,116,241,150,156,44,6777,220,-132,352,118,66
"background",132,132,145,261,27,662,113,17,48,265,65,214,65,143,35,9036,348,-55,403,193,27
"background",133,133,84,191,-17,267,30,18,15,84,60,61,60,164,40,8106,308,-95,403,69,186
"background",134,134,209,293,130,150,29,1,60,64,5,64,44,142,45,6477,374,59,315,293,231
"background",135,135,205,279,122,1074,137,57,27,332,199,287,216,116,40,6127,343,54,289,254,167
"background",136,136,220,301,129,476,92,12,62,197,48,142,53,137,42,6733,376,50,326,268,137
"background",137,137,193,275,102,854,109,47,30,280,152,217,152,129,40,6732,347,27,320,231,102
"background",138,138,83,207,-37,425,81,8,70,219,26,181,26,160,36,9451,308,-125,433,180,-37
"background",139,139,200,263,146,147,34,0,81,75,2,75,52,163,58,4529,347,67,280,263,206
"background",140,140,230,292,154,645,129,19,61,276,72,224,77,128,45,5430,361,78,283,271,172
"background",141,141,87,223,-58,594,98,12,56,261,43,246,43,136,30,10835,310,-135,445,199,-58
"background",142,142,226,324,130,80,15,0,60,32,3,21,27,161,43,7675,417,49,368,289,257
"background",143,143,78,186,-33,410,53,16,27,136,66,110,99,182,41,8467,302,-135,437,142,117
"background",144,144,99,179,29,1055,185,6,76,535,39,49,511,163,49,6001,300,-32,332,33,178
"background",145,145,127,248,-6,857,134,20,49,338,72,308,72,131,31,9769,331,-84,415,225,-6
"background",146,146,186,221,139,753,170,13,78,371,54,301,54,142,59,3334,294,57,237,216,139
"background",147,147,159,201,108,514,137,3,108,358,18,179,34,172,61,3674,296,17,279,191,141
"background",148,148,106,231,-15,477,85,10,66,239,30,207,30,162,37,9551,329,-106,435,204,-15
"background",149,149,215,314,122,89,17,0,58,35,3,25,30,161,43,7583,409,42,367,312,244
"background",150,150,167,200,124,296,44,5,56,123,26,114,38,184,68,3046,299,31,268,192,157
"background",151,151,72,161,-11,395,50,8,40,146,41,50,135,168,45,6790,286,-84,370,-4,160
"background",152,152,127,244,13,141,21,6,33,51,23,43,33,140,35,8944,338,-56,394,235,171
"background",153,153,103,212,-1,218,31,8,31,75,33,64,56,146,38,8275,309,-71,380,204,141
"background",154,154,98,209,-6,296,35,13,23,87,62,75,64,171,41,8344,322,-88,410,203,181
"background",155,155,171,253,85,257,60,4,94,168,18,136,25,191,51,6581,360,-8,368,243,129
"background",156,156,215,315,119,161,27,2,52,63,10,50,47,171,45,7699,407,33,374,310,250
"background",157,157,147,230,60,315,72,5,90,199,20,168,29,166,48,6655,319,-22,341,221,103
"background",158,158,191,213,161,1836,334,53,68,829,164,527,172,103,59,2108,277,105,172,208,169
"background",159,159,72,187,-43,303,35,16,19,93,56,64,76,147,36,8870,300,-108,408,116,179
"background",160,160,175,283,73,107,17,2,52,45,10,22,44,158,40,8234,385,-5,390,91,210
"background",161,161,117,240,-5,389,66,7,66,188,24,177,24,175,39,9470,341,-104,445,215,-5
"background",162,162,70,168,-25,258,33,11,28,89,43,50,74,160,41,7495,288,-94,382,-18,163
"background",163,163,207,262,159,258,74,1,107,172,4,172,47,145,59,4004,329,84,245,262,210
"background",164,164,242,309,175,277,68,1,98,181,5,181,41,161,56,5260,372,85,287,309,254
"background",165,165,126,232,21,383,69,6,71,188,22,188,22,170,42,8180,327,-72,399,232,21
"background",166,166,22,123,-63,556,62,38,14,163,120,120,147,155,41,7428,235,-141,376,-39,123
"background",167,167,169,279,53,655,100,23,44,234,78,187,78,148,37,8729,363,-37,400,217,53
"background",168,168,182,197,169,1421,322,7,102,861,28,86,36,112,68,1066,268,105,163,181,187
"background",169,169,224,303,134,506,89,17,52,201,63,142,65,137,42,6568,378,57,321,271,153
"background",170,170,178,220,127,361,54,8,52,151,40,151,46,183,64,3699,319,35,284,220,138
"background",171,171,164,195,124,493,105,8,86,295,27,189,48,173,65,2806,292,26,266,184,154
"background",172,172,53,166,-53,293,38,15,27,97,46,83,46,153,38,8577,275,-122,397,92,-53
"background",173,173,146,184,99,590,145,4,103,390,15,236,47,161,61,3371,272,10,262,174,129
"background",174,174,126,236,20,225,41,6,54,103,25,82,44,176,43,8394,339,-69,408,229,165
"background",175,175,128,175,77,834,203,13,97,543,43,476,94,180,62,3898,267,-23,290,170,126
"background",176,176,78,197,-33,333,61,9,59,155,30,119,30,161,38,8961,307,-115,422,118,-33
"background",177,177,207,228,184,1274,294,5,107,826,19,257,44,157,68,1638,322,92,230,211,208
"background",178,178,52,153,-40,396,47,14,31,139,53,66,129,165,42,7535,278,-112,390,-31,148
"background",179,179,185,276,87,771,106,41,29,265,137,186,137,133,38,7330,351,8,343,224,87
"background",180,180,132,254,6,623,96,12,51,260,53,249,53,142,34,9576,342,-75,417,230,6
"background",181,181,164,195,124,298,43,2,58,119,22,119,40,180,68,2849,294,31,263,195,156
"background",182,182,212,296,117,380,85,8,65,172,31,105,42,138,41,6991,364,33,331,263,125
"background",183,183,83,207,-35,449,81,11,65,223,34,185,34,157,36,9425,309,-119,428,179,-35
"background",184,184,68,173,-30,304,36,10,32,106,41,52,95,172,42,7852,302,-105,407,-20,167
"background",185,185,213,290,123,606,85,23,43,219,85,168,89,143,43,6494,367,40,327,262,141
"background",186,186,119,225,17,309,52,8,48,131,34,106,69,172,43,8077,327,-68,395,219,155
"background",187,187,55,177,-62,207,31,10,33,74,32,60,32,154,36,9285,289,-131,420,101,-62
"background",188,188,79,194,-27,418,70,9,61,200,33,174,33,164,40,8624,303,-107,410,167,-27
"background",189,189,98,210,-9,276,32,11,23,82,55,68,61,170,41,8499,322,-91,413,204,135
"background",190,190,165,243,84,482,97,1,83,247,8,8,244,145,44,6273,353,28,325,89,243
"background",191,191,204,273,125,339,65,7,62,156,30,129,33,153,49,5850,347,37,310,263,141
"background",192,192,150,206,93,491,100,1,90,260,5,10,260,149,53,4435,300,24,276,93,203
"background",193,193,100,202,-3,380,77,8,72,192,25,192,25,190,46,7951,305,-107,412,202,-3
"background",194,194,45,129,-26,608,84,12,47,242,57,57,226,139,43,6267,234,-87,321,-18,129
"background",195,195,207,284,136,77,15,0,65,34,2,29,27,176,53,5746,380,49,331,262,219
"background",196,196,184,284,92,253,37,3,44,85,19,64,80,168,45,7571,384,11,373,280,212
"background",197,197,111,239,-24,763,110,15,52,309,60,296,60,131,31,10132,322,-100,422,215,-24
"background",198,198,154,248,71,568,78,9,45,188,45,148,183,163,46,6995,345,-6,351,243,181
"background",199,199,129,197,54,480,125,6,106,336,21,284,35,182,53,5624,298,-45,343,188,95
"background",200,200,64,185,-49,293,46,14,36,113,45,74,45,139,34,9094,291,-109,400,104,-49
"background",201,201,62,155,-24,308,34,12,25,97,49,60,86,163,44,6988,275,-93,368,-17,151
"background",202,202,221,276,155,864,170,21,66,385,71,317,71,140,50,4797,353,75,278,254,155
"background",203,203,168,187,143,1524,292,29,79,808,95,396,130,130,68,1713,260,71,189,177,153
"background",204,204,140,237,46,313,65,9,69,164,30,153,32,181,47,7422,331,-51,382,226,61
"background",205,205,214,278,157,111,21,0,76,51,1,51,42,165,57,4661,363,76,287,278,222
"background",206,206,232,257,212,1046,207,5,97,609,22,267,60,158,67,1745,353,120,233,236,239
"background",207,207,171,266,67,496,86,17,51,186,57,158,57,151,41,7690,342,-23,365,257,67
"background",208,208,167,225,120,402,77,3,84,218,11,19,208,135,53,4145,305,53,252,123,218
"background",209,209,7,100,-79,810,90,34,23,247,133,210,212,155,42,7135,198,-165,363,96,35
"background",210,210,214,310,125,164,27,1,53,66,9,45,48,143,41,7344,397,53,344,307,242
"background",211,211,162,249,75,304,73,4,79,173,22,144,56,194,51,6858,363,-15,378,238,158
"background",212,212,55,167,-50,313,47,13,39,123,42,96,42,151,38,8413,278,-113,391,93,-50
"background",213,213,164,252,72,301,57,6,70,156,22,140,31,167,46,6994,337,-20,357,240,123
"background",214,214,76,192,-35,288,37,19,21,94,62,80,62,148,35,8804,304,-108,412,113,-35
"background",215,215,155,268,39,738,122,23,46,281,83,221,83,137,35,8854,350,-41,391,204,39
"background",216,216,39,144,-59,572,60,28,16,158,115,136,139,143,38,7976,242,-134,376,138,72
"background",217,217,176,218,124,464,110,1,104,303,13,199,33,153,58,3729,303,40,263,207,159
"background",218,218,111,219,7,353,62,9,59,159,31,159,31,174,42,8248,318,-87,405,219,7
"background",219,219,155,268,39,730,120,22,47,277,78,226,78,136,34,8873,351,-39,390,203,39
"background",220,220,92,225,-40,423,78,7,67,213,26,180,26,153,34,10283,326,-121,447,196,-40
"background",221,221,113,187,57,621,119,1,90,332,6,17,332,112,43,5232,263,7,256,57,180
"background",222,222,243,277,195,1341,247,44,62,617,144,498,148,113,54,3360,339,132,207,273,206
"background",223,223,69,178,-35,315,31,18,12,89,73,73,74,172,41,8264,294,-119,413,57,151
"background",224,224,58,179,-67,313,33,17,19,90,57,79,57,189,40,9405,304,-165,469,55,-67
"background",225,225,192,249,123,284,64,6,85,167,19,138,28,162,54,4965,336,37,299,241,170
"background",226,226,92,221,-36,552,98,10,64,269,34,242,34,148,34,9947,312,-118,430,195,-36
"background",227,227,97,219,-20,440,84,9,71,232,29,195,29,161,37,9257,319,-106,425,192,-20
"background",228,228,157,244,75,557,101,1,82,279,7,7,279,159,45,6740,359,12,347,75,244
"background",229,229,58,166,-40,363,63,11,53,162,36,131,36,151,39,8062,273,-108,381,140,-40
"background",230,230,125,211,50,986,177,3,80,492,20,26,492,150,45,6437,317,-11,328,50,209
"background",231,231,176,218,127,370,51,14,45,143,47,143,54,168,62,3600,308,40,268,218,137
"background",232,232,145,167,118,1187,274,6,104,762,27,253,46,148,66,1894,258,35,223,155,142
"background",233,233,291,299,282,1083,312,2,118,705,8,481,16,135,80,667,375,207,168,293,288
"background",234,234,148,246,46,456,67,10,59,197,42,195,42,169,44,7785,332,-50,382,236,57
"background",235,235,119,243,-14,874,136,20,50,351,72,322,72,126,30,9905,321,-90,411,220,-14
"background",236,236,194,306,86,83,12,2,45,32,10,20,30,166,40,8620,408,-3,411,108,234
"background",237,237,126,231,29,186,22,7,27,60,33,45,57,159,41,7940,335,-48,383,44,160
"background",238,238,162,268,47,846,134,28,42,310,105,228,105,137,35,8538,349,-35,384,209,47
"background",239,239,120,159,78,1156,235,8,82,665,54,600,186,131,59,3175,229,7,222,154,119
"background",240,240,260,285,225,1112,272,10,104,704,33,252,43,104,57,2383,347,167,180,275,252
"background",241,241,59,145,-18,556,95,9,58,258,47,47,231,145,43,6487,255,-79,334,-12,145
"background",242,242,191,220,154,624,130,6,95,378,25,168,27,161,64,2602,312,64,248,214,166
"background",243,243,180,214,138,732,202,6,111,497,21,333,41,168,62,2947,309,40,269,201,167
"background",244,244,147,199,94,531,108,2,88,281,7,11,281,146,55,4136,288,25,263,94,196
"background",245,245,226,308,135,400,81,14,58,155,47,97,48,143,43,6768,383,52,331,274,154
"background",246,246,193,251,120,300,63,6,67,147,26,118,30,132,47,5192,318,41,277,245,135
"background",247,247,71,191,-42,346,63,13,52,157,43,107,43,158,37,9038,304,-120,424,112,-42
"background",248,248,199,289,112,332,66,4,66,162,20,133,81,158,46,6968,370,32,338,283,231
"background",249,249,86,219,-64,193,23,10,22,62,34,51,34,176,35,10792,339,-159,498,163,-64
"background",250,250,167,204,121,559,149,2,100,350,14,245,63,164,61,3285,294,28,266,202,152
"background",251,251,86,192,-22,312,56,13,49,139,43,131,43,181,42,8285,299,-123,422,184,-22
"background",252,252,163,209,109,449,106,3,102,300,14,264,29,188,62,3990,310,9,301,200,145
"background",253,253,90,206,-22,369,65,8,68,182,24,170,24,168,39,8860,312,-112,424,180,-22
"background",254,254,112,231,-5,193,28,8,32,71,33,58,38,148,35,9137,330,-83,413,222,157
"background",255,255,13,117,-89,444,48,29,15,135,99,124,99,163,40,8107,220,-182,402,112,-89
"background",256,256,168,269,61,527,76,16,53,201,54,190,54,154,40,8032,350,-27,377,250,61
"background",257,257,171,265,68,492,85,16,50,187,57,152,57,159,42,7599,345,-26,371,224,68
"background",258,258,99,207,-5,236,34,9,30,81,37,67,60,154,39,8217,309,-83,392,199,136
"background",259,259,129,199,57,502,132,7,103,337,25,294,60,194,55,5547,303,-47,350,192,125
"background",260,260,189,275,96,807,113,41,34,271,141,192,141,134,40,6931,349,18,331,229,96
"background",261,261,205,267,132,264,54,5,60,121,24,100,31,137,48,5304,336,52,284,260,148
"background",262,262,94,221,-35,588,101,11,61,278,39,252,39,144,33,9919,308,-116,424,196,-35
"background",263,263,177,275,70,571,91,20,48,211,71,165,71,153,40,7893,353,-21,374,233,70
"background",264,264,115,246,-20,619,96,11,56,260,41,239,41,151,33,10238,339,-106,445,221,-20
"background",265,265,213,272,163,241,64,0,106,169,3,169,44,150,58,4234,341,85,256,272,214
"background",266,266,90,185,-1,424,88,10,73,221,34,220,34,179,46,7238,284,-98,382,177,-1
"background",267,267,146,242,49,389,68,9,66,191,33,176,34,175,45,7492,332,-49,381,231,66
"background",268,268,77,171,-7,271,30,12,24,83,45,58,71,162,44,6984,293,-73,366,102,167
"background",269,269,260,273,247,1648,422,2,111,1071,11,364,20,152,74,1000,359,154,205,261,260
"background",270,270,223,281,151,694,154,19,56,278,97,163,127,79,34,5069,321,94,227,264,192
"background",271,271,176,258,82,709,88,29,36,245,99,221,99,143,42,6821,331,-4,335,225,82
"background",272,272,151,196,100,792,202,4,102,527,28,478,80,176,61,3803,291,6,285,188,131
"background",273,273,62,184,-52,323,57,13,49,142,41,94,41,157,36,9142,295,-135,430,103,-52
"background",274,274,131,230,34,350,70,10,64,173,35,169,35,176,45,7621,327,-57,384,221,50
"background",275,275,117,199,35,400,82,10,69,214,42,196,55,157,47,6387,282,-48,330,189,74
"background",276,276,220,307,126,435,83,10,60,180,40,140,45,146,42,7089,383,40,343,267,146
"background",277,277,140,246,34,498,88,13,61,228,41,228,41,155,40,8245,329,-55,384,246,34
"background",278,278,232,246,211,1168,270,4,101,732,13,438,47,121,67,1393,312,133,179,242,221
"background",279,279,159,220,111,227,38,0,72,111,9,29,111,158,57,4265,305,32,273,111,186
"background",280,280,110,212,16,232,33,7,43,92,26,31,90,171,43,7628,336,-57,393,23,207
"background",281,281,219,309,134,121,20,0,57,55,7,24,53,173,47,6922,412,47,365,147,243
"background",282,282,185,219,145,637,131,17,69,290,53,254,53,148,62,2940,295,60,235,214,153
"background",283,283,123,164,78,797,188,7,93,504,42,443,95,142,59,3354,241,3,238,157,102
"background",284,284,93,211,-19,393,69,8,69,197,25,181,25,167,39,8947,314,-109,423,184,-19
"background",285,285,105,238,-38,751,107,15,53,302,56,291,56,126,29,10613,316,-113,429,215,-38
"background",286,286,220,280,172,160,37,0,91,90,1,90,48,151,58,4201,353,94,259,280,217
"background",287,287,-17,79,-107,862,92,42,21,248,152,218,227,147,40,7433,168,-193,361,75,12
"background",288,288,12,114,-91,596,68,31,20,188,117,164,139,176,42,8036,219,-194,413,109,47
"background",289,289,180,208,143,870,227,5,109,576,21,413,37,169,64,2559,305,43,262,203,171
"background",290,290,248,283,204,908,233,5,107,628,22,507,92,140,59,3166,355,121,234,278,245
"background",291,291,135,250,20,465,72,10,60,213,37,203,37,165,39,8901,343,-72,415,226,20
"background",292,292,177,268,83,305,58,8,61,143,31,122,36,178,48,7224,356,-13,369,257,101
"background",293,293,115,215,18,339,71,11,67,173,36,167,37,177,45,7616,315,-73,388,205,33
"background",294,294,115,213,19,331,71,10,71,174,36,167,38,174,46,7527,311,-67,378,203,35
"background",295,295,230,286,162,680,150,21,57,289,96,168,115,90,39,4846,334,104,230,269,201
"background",296,296,141,247,37,366,70,8,67,182,29,182,29,167,42,8164,337,-58,395,247,37
"background",297,297,285,292,275,1029,310,1,115,684,5,383,23,114,81,666,352,212,140,289,280
"background",298,298,119,227,13,229,39,6,48,99,26,78,46,174,42,8319,331,-75,406,221,157
"background",299,299,242,288,184,837,197,13,73,391,70,323,96,121,51,4132,349,112,237,284,222
"background",300,300,133,160,109,477,95,1,90,260,4,11,257,116,65,2071,225,49,176,110,153
"background",301,301,221,300,134,537,88,22,47,204,74,147,75,137,43,6458,375,58,317,268,151
"background",302,302,141,261,19,567,87,13,49,231,56,216,56,155,36,9364,350,-72,422,236,19
"background",303,303,210,273,157,115,26,0,83,56,1,56,42,170,59,4460,362,75,287,273,213
"background",304,304,177,277,70,994,146,47,33,344,168,218,168,125,35,8015,350,-4,354,219,70
"background",305,305,176,259,98,416,98,5,87,241,21,201,100,172,50,6379,348,10,338,254,202
"background",306,306,69,175,-33,277,29,20,12,82,60,68,60,181,42,8064,298,-125,423,56,-23
"background",307,307,53,156,-50,372,65,12,49,158,45,155,45,175,42,7971,264,-146,410,148,-50
"background",308,308,61,161,-31,450,51,17,24,134,77,111,122,165,43,7573,270,-111,381,-21,90
"background",309,309,81,183,-13,308,31,16,16,90,63,71,87,169,43,7667,296,-97,393,0,110
"background",310,310,85,212,-42,503,83,14,57,231,46,200,46,152,35,9852,308,-124,432,186,-42
"background",311,311,21,129,-89,361,67,10,59,168,37,168,37,170,40,8477,232,-188,420,129,-89
"background",312,312,155,254,52,466,68,12,57,194,42,188,43,163,43,7836,337,-40,377,237,63
"background",313,313,121,214,31,352,74,8,72,193,35,167,53,165,46,7122,302,-53,355,204,115
"background",314,314,84,192,-23,274,50,13,52,125,43,106,44,172,41,8317,297,-113,410,184,124
"background",315,315,145,237,55,294,59,6,70,158,26,141,41,168,46,7087,326,-32,358,226,101
"background",316,316,113,218,9,391,77,7,73,198,24,198,24,171,42,8071,315,-83,398,218,9
"background",317,317,151,248,58,325,63,7,63,161,25,132,74,201,51,7445,352,-42,394,242,187
"background",318,318,50,137,-26,778,128,13,64,350,55,55,350,152,44,6536,248,-96,344,-26,137
"background",319,319,119,241,-1,446,73,9,63,212,28,199,28,162,37,9388,338,-92,430,216,-1
"background",320,320,65,153,-16,618,101,9,62,277,43,44,275,163,45,6692,276,-85,361,-7,152
"background",321,321,131,256,0,681,103,13,50,280,57,263,57,137,32,9848,342,-79,421,231,0
"background",322,322,215,264,179,91,18,0,75,38,1,35,28,120,56,3343,326,114,212,181,202
"background",323,323,180,246,124,434,91,2,89,251,8,16,236,156,53,4818,343,51,292,129,240
"background",324,324,112,216,11,393,74,7,70,189,25,189,25,167,42,7994,312,-80,392,216,11
"background",325,325,221,321,124,156,32,2,58,68,9,56,44,165,44,7812,411,38,373,318,255
"background",326,326,238,265,218,1267,284,2,109,811,13,293,39,149,65,1840,358,130,228,234,247
"background",327,327,151,263,31,944,123,33,35,311,122,262,122,137,34,8917,344,-52,396,201,31
"background",328,328,179,279,73,790,109,38,31,271,126,200,126,139,38,7933,356,-9,365,222,73
"background",329,329,185,246,112,373,90,3,97,241,15,208,22,185,55,5289,342,7,335,236,159
"background",330,330,102,204,1,379,76,7,76,197,23,197,23,180,44,7881,303,-98,401,204,1
"background",331,331,218,289,134,608,114,21,51,224,86,174,92,135,44,6021,362,56,306,263,146
"background",332,332,62,168,-47,462,61,20,27,154,75,128,109,194,43,8285,285,-157,442,163,100
"background",333,333,58,161,-38,500,61,16,30,164,67,134,129,136,37,7796,253,-109,362,154,90
"background",334,334,123,251,-10,706,104,15,51,294,56,270,56,142,32,10042,339,-93,432,225,-10
"background",335,335,171,265,85,388,59,6,46,138,30,107,118,177,47,7145,368,-1,369,262,197
"background",336,336,187,281,86,967,128,48,27,308,181,181,212,128,37,7525,356,13,343,226,281
"background",337,337,139,234,47,304,64,6,72,166,27,145,48,172,47,7295,323,-41,364,224,133
"background",338,338,91,227,-56,486,69,13,48,196,45,196,45,133,29,10888,311,-133,444,227,-56
"background",339,339,110,216,7,310,58,12,57,148,41,135,41,174,43,8129,317,-79,396,207,25
"background",340,340,207,258,164,98,15,0,63,42,1,27,42,163,62,3578,349,87,262,164,205
"background",341,341,221,290,152,164,40,1,83,89,4,89,48,160,54,5396,367,71,296,290,237
"background",342,342,105,228,-12,245,29,16,19,79,52,54,53,139,33,9333,333,-81,414,93,221
"background",343,343,215,245,175,1078,264,2,110,765,21,632,91,131,61,2805,312,100,212,240,197
"background",344,344,178,246,99,384,97,4,99,256,15,215,22,158,48,5807,334,10,324,233,116
"background",345,345,89,183,3,627,85,12,40,218,64,177,181,159,45,7036,280,-72,352,178,117
"background",346,346,176,270,75,591,90,21,45,214,75,170,75,147,41,7563,346,-12,358,230,75
"background",347,347,108,231,-18,167,24,8,35,63,27,52,27,172,37,9616,344,-111,455,221,-18
"background",348,348,75,157,-1,658,115,9,62,312,50,52,283,153,45,6278,273,-61,334,4,157
"background",349,349,209,290,126,212,53,1,84,120,6,120,51,183,52,6428,381,30,351,290,232
"background",350,350,143,177,99,447,71,11,57,207,46,165,52,139,60,3103,254,25,229,171,106
"background",351,351,62,180,-60,305,39,18,23,102,61,74,71,148,35,9242,293,-127,420,110,172
"background",352,352,135,237,35,373,74,9,67,186,32,186,32,171,44,7850,330,-58,388,237,35
"background",353,353,172,270,76,388,65,8,51,156,28,128,110,163,44,7583,361,-5,366,263,207
"background",354,354,70,169,-25,258,33,11,28,89,43,50,74,160,41,7509,288,-93,381,-18,164
"background",355,355,205,233,170,884,246,4,116,614,26,402,51,161,62,2452,333,77,256,220,196
"background",356,356,54,166,-65,248,45,8,55,114,28,107,28,185,41,8873,274,-173,447,157,-65
"background",357,357,210,310,115,199,31,2,50,71,11,51,65,174,45,7682,408,26,382,307,242
"background",358,358,178,267,78,471,80,16,48,187,55,142,55,151,42,7304,343,-12,355,229,78
"background",359,359,256,266,246,1453,364,3,109,934,14,287,32,125,77,767,338,176,162,257,256
"background",360,360,80,208,-46,462,83,9,68,236,32,205,32,155,35,9822,309,-127,436,181,-46
"background",361,361,218,289,147,167,41,1,85,91,4,91,48,166,54,5581,369,62,307,289,234
"background",362,362,128,247,-3,875,137,22,48,341,77,323,77,131,31,9641,329,-82,411,224,-3
"background",363,363,146,228,65,429,102,6,79,234,32,207,88,171,49,6417,324,-19,343,221,179
"background",364,364,222,305,143,77,14,0,62,35,2,29,27,159,48,6337,390,62,328,281,242
"background",365,365,217,241,185,1075,300,3,117,752,19,735,63,153,65,2316,328,94,234,239,200
"background",366,366,177,269,77,734,101,34,33,255,118,186,118,136,38,7456,345,-4,349,218,77
"background",367,367,206,251,150,807,177,15,75,377,58,331,58,145,55,3991,325,66,259,246,153
"background",368,368,223,239,207,1089,248,2,110,719,9,221,31,144,72,1154,326,126,200,224,223
"background",369,369,107,213,8,257,27,10,20,75,50,60,68,172,42,7985,326,-76,402,24,140
"background",370,370,207,277,124,422,95,9,70,188,29,150,33,134,44,5973,344,46,298,270,131
"background",371,371,149,166,125,620,119,4,79,304,22,249,23,169,73,1662,261,31,230,160,125
"background",372,372,253,275,221,1062,251,13,101,660,44,500,49,101,61,2236,328,164,164,274,242
"background",373,373,152,180,118,495,90,11,78,255,40,143,40,153,63,2455,271,30,241,168,147
"background",374,374,181,276,78,663,87,29,35,224,98,185,98,138,38,7689,353,-2,355,224,78
"background",375,375,190,287,95,393,63,7,51,154,27,125,115,157,43,7533,374,16,358,280,226
"background",376,376,137,230,49,422,76,9,58,197,35,165,102,181,49,7079,329,-39,368,223,170
"background",377,377,106,237,-34,800,108,18,49,315,66,307,66,130,30,10433,317,-111,428,214,-34
"background",378,378,196,242,141,887,228,10,95,549,42,522,133,174,59,4056,338,45,293,234,197
"background",379,379,31,112,-37,417,66,16,50,175,53,53,175,136,44,6010,207,-101,308,-37,112
"background",380,380,95,192,3,310,66,10,69,161,34,135,49,194,49,7384,299,-95,394,186,128
"background",381,381,214,275,141,184,41,2,71,95,13,83,24,154,51,5329,353,54,299,265,192
"background",382,382,92,185,8,494,72,13,39,177,59,149,133,156,44,7005,283,-65,348,181,120
"background",383,383,167,249,86,383,105,4,96,233,27,211,67,169,49,6398,344,1,343,241,200
"background",384,384,193,253,121,327,75,4,84,193,21,160,33,147,50,5192,333,43,290,244,172
"background",385,385,82,191,-21,325,38,15,22,96,69,83,69,176,42,8262,309,-106,415,186,-11
"background",386,386,168,195,135,954,243,5,108,630,22,206,29,163,64,2345,291,37,254,181,165
"background",387,387,91,224,-50,682,113,13,57,303,52,278,52,134,30,10566,306,-130,436,201,-50
"background",388,388,59,171,-54,385,47,23,17,119,79,86,94,151,37,8749,288,-118,406,100,166
"background",389,389,177,274,75,653,89,28,39,225,91,190,91,134,38,7730,348,-3,351,221,75
"background",390,390,83,165,8,1354,214,7,70,637,54,54,605,158,46,6267,280,-57,337,14,165
"background",391,391,232,287,165,727,161,22,56,301,97,183,121,95,41,4767,337,107,230,269,204
"background",392,392,89,218,-40,481,84,12,61,233,37,197,37,154,35,9995,313,-125,438,193,-40
"background",393,393,89,226,-61,667,103,13,53,281,50,264,50,132,29,11081,306,-141,447,204,-61
"background",394,394,239,270,195,2056,349,60,61,931,195,719,215,113,57,3082,332,134,198,266,204
"background",395,395,140,238,43,282,58,7,69,150,29,130,42,174,46,7556,329,-46,375,227,94
"background",396,396,108,164,65,816,152,2,86,421,10,17,421,141,56,3994,254,4,250,65,159
"background",397,397,138,160,111,581,102,8,75,305,30,197,30,164,68,1896,251,13,238,153,111
"background",398,398,44,153,-61,422,42,24,12,115,90,98,110,148,37,8345,256,-138,394,-48,78
"background",399,399,211,290,132,165,37,1,80,83,4,83,46,172,51,6185,377,42,335,290,232
"background",400,400,165,255,71,306,59,6,74,164,21,144,31,171,46,7170,342,-23,365,243,125
"background",401,401,106,228,-10,452,81,10,66,225,31,199,31,157,37,9292,325,-95,420,201,-10
"background",402,402,183,241,114,315,61,7,68,160,25,132,28,141,50,5016,312,34,278,232,129
"background",403,403,185,297,78,98,15,3,40,38,13,22,37,164,40,8587,399,-9,408,99,225
"background",404,404,158,246,76,293,50,2,69,141,16,16,138,166,46,6755,357,1,356,87,246
"background",405,405,153,175,124,1028,231,9,97,623,39,249,49,145,65,1905,263,40,223,162,150
"background",406,406,225,343,109,67,12,2,52,31,8,8,28,166,39,9153,444,20,424,135,318
"background",407,407,151,238,72,536,112,2,85,287,15,15,287,161,46,6619,349,2,347,72,238
"background",408,408,138,214,59,397,99,6,95,262,27,220,40,183,51,6070,316,-37,353,204,135
"background",409,409,35,147,-75,450,48,27,14,128,96,100,118,156,38,8658,263,-144,407,74,141
"background",410,410,124,245,3,469,77,9,62,223,30,206,30,160,37,9382,339,-88,427,221,3
"background",411,411,78,188,-20,325,36,12,26,102,48,58,88,155,38,8152,309,-89,398,59,184
"background",412,412,89,217,-40,510,90,10,66,253,33,216,33,152,34,9938,311,-124,435,191,-40
"background",413,413,176,277,81,103,16,1,50,44,10,16,43,160,42,7693,382,4,378,97,251
"background",414,414,218,290,146,129,28,0,77,63,2,63,41,169,53,5589,372,59,313,290,234
"background",415,415,85,215,-46,583,94,13,59,268,47,245,47,156,35,10116,311,-133,444,190,-46
"background",416,416,232,326,140,118,20,1,55,48,6,33,35,151,43,7398,413,62,351,325,261
"background",417,417,152,238,70,396,91,5,78,218,28,190,81,165,48,6585,329,-11,340,230,185
"background",418,418,166,263,71,231,49,4,74,129,18,107,36,176,47,7527,353,-21,374,253,163
"background",419,419,190,261,119,501,168,3,115,338,25,301,82,168,52,5657,352,34,318,258,212
"background",420,420,151,250,49,465,68,12,59,194,39,193,42,163,43,7814,332,-43,375,233,60
"background",421,421,216,288,131,630,111,24,49,233,91,178,93,135,43,6103,361,53,308,262,143
"background",422,422,86,191,-9,205,24,11,20,65,38,46,51,176,43,7847,317,-90,407,115,186
"background",423,423,88,172,12,668,122,8,69,335,44,44,311,163,47,6325,294,-51,345,15,172
"background",424,424,137,241,32,465,81,11,63,217,37,217,37,161,41,8086,327,-60,387,241,32
"background",425,425,13,116,-80,725,81,37,24,232,126,126,228,131,36,7775,210,-147,357,-73,116
"background",426,426,245,305,185,287,90,0,115,200,4,200,38,160,58,4785,370,96,274,305,255
"background",427,427,160,240,83,535,127,7,80,292,32,249,122,167,50,6188,329,0,329,235,186
"background",428,428,248,271,215,934,220,12,99,565,45,237,47,113,62,2235,335,153,182,267,222
"background",429,429,231,294,156,681,137,15,68,290,53,235,53,138,46,5441,370,73,297,268,156
"background",430,430,74,174,-17,176,18,11,14,49,37,49,43,173,44,7463,292,-100,392,148,27
"background",431,431,117,209,31,522,86,11,48,205,46,169,139,171,46,7017,310,-55,365,205,146
"background",432,432,83,198,-23,271,29,15,20,85,50,67,50,176,40,8571,320,-110,430,68,-23
"background",433,433,64,186,-52,285,51,11,48,124,35,81,35,145,34,9228,293,-123,416,104,-52
"background",434,434,130,234,27,215,45,8,68,111,25,92,28,197,47,8014,342,-75,417,225,48
"background",435,435,109,195,35,942,160,5,76,450,29,35,450,147,45,6415,297,-26,323,35,194
"background",436,436,122,244,-1,534,85,12,59,248,40,229,40,159,37,9488,337,-92,429,219,-1
"background",437,437,212,270,164,107,21,0,76,45,0,43,45,157,59,4049,346,84,262,164,206
"background",438,438,145,263,23,695,111,18,47,271,68,228,68,139,34,9272,348,-59,407,239,23
"background",439,439,78,206,-49,455,82,9,70,236,31,204,31,156,35,9888,308,-132,440,179,-49
"background",440,440,170,203,127,357,49,5,54,146,35,146,50,174,65,3015,301,37,264,203,140
"background",441,441,191,278,96,835,114,44,30,277,163,182,163,124,38,7071,349,23,326,229,108
"background",442,442,200,281,108,901,119,42,32,304,166,210,171,128,39,6729,356,34,322,237,124
"background",443,443,62,182,-63,287,31,14,22,84,49,74,49,187,40,9391,307,-159,466,110,-63
"background",444,444,239,290,176,795,160,18,71,321,60,276,62,137,51,4585,360,96,264,285,193
"background",445,445,172,200,139,518,105,6,79,271,29,179,35,165,67,2421,294,48,246,193,140
"background",446,446,75,187,-27,389,66,10,59,183,30,158,30,156,39,8385,292,-105,397,160,-27
"background",447,447,117,224,18,125,15,8,18,39,26,30,32,182,44,8000,345,-68,413,153,216
"background",448,448,196,217,169,598,154,3,97,335,11,241,15,168,70,1841,310,72,238,208,170
"background",449,449,126,247,4,217,28,6,27,72,33,47,55,170,38,9379,357,-81,438,194,174
"background",450,450,172,230,124,250,47,1,84,133,5,10,123,147,55,4133,316,52,264,126,223
"background",451,451,219,235,203,1808,372,8,102,1084,35,473,66,143,71,1225,317,116,201,221,210
"background",452,452,162,260,57,462,72,13,56,184,42,175,42,160,42,7846,343,-34,377,243,57
"background",453,453,51,160,-48,318,42,15,33,114,47,101,47,151,39,8126,269,-112,381,134,-48
"background",454,454,137,172,94,837,205,4,101,546,25,501,91,136,60,3124,246,20,226,166,120
"background",455,455,147,216,91,289,44,0,59,129,14,70,122,152,53,4918,302,17,285,94,150
"background",456,456,186,285,95,264,42,3,47,96,17,71,80,176,46,7502,386,6,380,282,215
"background",457,457,231,288,163,668,139,21,55,277,90,189,101,104,42,4933,345,100,245,269,176
"background",458,458,99,213,-12,360,63,10,51,153,32,123,32,162,38,8750,315,-102,417,142,-12
"background",459,459,142,187,96,534,108,2,89,283,7,11,283,136,58,3550,262,30,232,96,183
"background",460,460,103,216,-3,266,37,6,42,104,27,38,93,143,36,8492,332,-58,390,5,210
"background",461,461,203,268,126,461,95,11,66,206,38,172,43,143,49,5578,338,47,291,261,143
"background",462,462,82,174,-4,323,57,5,54,146,30,42,134,146,41,7001,287,-64,351,2,172
"background",463,463,31,131,-63,433,57,20,24,141,80,122,103,166,42,7606,240,-149,389,127,60
"background",464,464,160,266,48,935,144,37,38,339,131,232,131,135,35,8446,344,-34,378,206,48
"background",465,465,70,169,-20,229,23,14,13,63,48,61,52,168,43,7432,285,-102,387,53,25
"background",466,466,220,301,144,57,11,0,74,28,1,23,20,178,52,6078,396,56,340,278,236
"background",467,467,203,287,120,277,64,2,84,159,10,159,64,185,51,6608,381,23,358,287,226
"background",468,468,188,280,89,992,126,49,25,310,185,185,221,130,38,7387,357,15,342,227,280
"background",469,469,209,284,124,990,131,51,31,314,173,262,181,115,39,6182,347,56,291,269,139
"background",470,470,114,223,14,132,15,8,15,39,26,36,30,176,42,8162,341,-71,412,196,57
"background",471,471,183,270,87,384,72,11,56,167,38,121,41,149,43,7127,343,-1,344,232,106
"background",472,472,243,278,196,1412,289,29,69,676,113,590,157,88,48,3314,326,146,180,274,226
"background",473,473,153,168,136,1073,230,11,91,606,43,360,47,162,73,1182,260,41,219,159,137
"background",474,474,216,279,159,68,14,0,78,28,0,24,28,169,57,4620,367,75,292,167,222
"background",475,475,23,126,-68,465,49,28,16,141,93,128,93,138,39,7709,226,-127,353,54,-68
"background",476,476,205,282,119,958,120,53,26,305,176,249,184,121,39,6341,351,47,304,240,133
"background",477,477,177,276,71,1012,147,50,31,345,180,218,180,125,35,7908,349,-4,353,219,71
"background",478,478,152,173,125,1136,250,9,97,684,42,278,50,144,66,1828,260,42,218,161,149
"background",479,479,186,262,113,466,131,6,98,289,25,251,90,175,53,5935,354,24,330,259,209
"background",480,480,157,246,63,265,62,5,89,165,16,141,23,166,47,7113,330,-22,352,236,113
"background",481,481,210,271,137,193,41,3,72,101,13,87,22,158,52,5354,352,49,303,262,188
"background",482,482,94,174,24,1010,175,7,73,505,43,43,477,161,48,5998,293,-37,330,28,174
"background",483,483,236,288,173,745,150,20,51,298,93,211,128,112,46,4571,346,103,243,285,212
"background",484,484,137,209,60,426,110,5,104,287,22,257,30,181,52,5859,309,-38,347,199,102
"background",485,485,42,160,-66,284,41,14,32,103,45,77,45,135,34,8859,264,-124,388,80,-66
"background",486,486,230,256,206,1114,262,4,106,704,20,261,53,161,66,1893,355,113,242,230,237
"background",487,487,88,220,-42,438,82,7,68,222,26,191,26,154,34,10119,321,-122,443,191,-42
"background",488,488,53,156,-52,497,69,23,28,172,81,146,116,186,43,8068,270,-157,427,151,89
"background",489,489,79,179,-17,483,86,14,58,220,48,220,48,161,42,7634,271,-106,377,179,-17
"background",490,490,136,249,29,118,15,6,24,38,23,27,36,171,41,8560,358,-58,416,50,177
"background",491,491,19,117,-76,653,71,32,18,200,129,172,155,170,43,7618,223,-171,394,113,51
"background",492,492,207,258,164,111,19,0,64,46,1,41,44,166,62,3628,351,85,266,251,205
"background",493,493,124,208,40,383,80,11,73,208,37,186,44,169,48,6512,293,-52,345,198,82
"background",494,494,148,242,57,302,64,5,73,164,22,137,59,186,48,7251,342,-38,380,233,188
"background",495,495,216,301,135,131,25,0,62,56,4,56,39,144,44,6586,383,62,321,301,238
"background",496,496,129,254,-2,716,107,14,49,289,60,272,60,135,32,9880,339,-81,420,229,-2
"background",497,497,226,292,145,590,108,18,51,225,83,171,93,128,43,5734,364,72,292,268,162
"background",498,498,38,147,-66,353,36,25,11,100,79,82,79,156,39,8335,260,-139,399,24,-66
"background",499,499,52,157,-47,334,41,20,22,103,65,78,84,165,40,7966,281,-124,405,82,153
"background",500,500,182,212,145,672,143,6,97,408,23,165,34,158,62,2653,306,53,253,205,177
"background",501,501,160,189,123,453,86,8,75,239,33,126,44,159,64,2626,280,33,247,185,153
"background",502,502,104,209,6,179,19,11,17,51,37,47,46,160,41,7922,316,-72,388,22,52
"background",503,503,88,199,-23,244,46,11,54,115,35,97,35,178,41,8574,307,-118,425,191,-23
"background",504,504,175,260,94,425,98,5,79,234,24,195,95,171,49,6563,350,7,343,255,204
"background",505,505,48,140,-32,422,51,14,32,146,54,64,134,153,42,6861,256,-101,357,-23,139
