"species","x","y","bio1","bio10","bio11","bio12","bio13","bio14","bio15","bio16","bio17","bio18","bio19","bio2","bio3","bio4","bio5","bio6","bio7","bio8","bio9"
"species",1,1,226,318,137,91,17,0,61,41,4,14,41,172,46,7137,419,46,373,137,255
"species",2,2,206,297,119,300,58,4,64,147,19,120,72,160,46,7076,378,35,343,292,238
"species",3,3,194,280,115,230,40,1,64,109,14,22,108,170,48,6556,389,35,354,126,254
"species",4,4,228,326,134,77,14,0,57,31,3,20,26,162,44,7581,417,52,365,291,259
"species",5,5,228,326,134,77,14,0,57,31,3,20,26,162,44,7581,417,52,365,291,259
"species",6,6,193,284,107,338,71,5,70,176,21,144,75,173,48,7011,372,17,355,279,225
"species",7,7,206,297,119,300,58,4,64,147,19,120,72,160,46,7076,378,35,343,292,238
"species",8,8,194,280,115,230,40,1,64,109,14,22,108,170,48,6556,389,35,354,126,254
"species",9,9,203,294,116,300,62,4,68,154,19,126,67,157,46,7016,373,35,338,289,236
"species",10,10,193,284,107,338,71,5,70,176,21,144,75,173,48,7011,372,17,355,279,225
"species",11,11,228,326,134,77,14,0,57,31,3,20,26,162,44,7581,417,52,365,291,259
"species",12,12,228,326,134,77,14,0,57,31,3,20,26,162,44,7581,417,52,365,291,259
"species",13,13,194,280,115,230,40,1,64,109,14,22,108,170,48,6556,389,35,354,126,254
"species",14,14,193,284,107,338,71,5,70,176,21,144,75,173,48,7011,372,17,355,279,225
"species",15,15,228,326,134,77,14,0,57,31,3,20,26,162,44,7581,417,52,365,291,259
"species",16,16,224,313,138,107,21,0,69,52,5,14,52,172,46,6936,415,48,367,138,250
"species",17,17,226,318,137,91,17,0,61,41,4,14,41,172,46,7137,419,46,373,137,255
"species",18,18,204,297,114,308,56,5,60,144,22,118,76,171,47,7220,384,25,359,293,237
"species",19,19,204,298,114,312,57,5,60,147,22,120,76,175,48,7247,387,23,364,293,237
"species",20,20,206,301,114,315,55,6,56,141,23,115,80,174,47,7339,391,24,367,296,239
"species",21,21,216,306,131,131,23,1,60,59,8,19,59,173,47,6912,411,44,367,131,241
"species",22,22,204,303,112,227,36,3,51,81,13,62,73,170,45,7555,399,26,373,299,236
"species",23,23,239,311,164,336,95,3,108,229,15,198,60,158,50,5908,388,78,310,311,224
"species",24,24,224,317,135,96,15,0,56,43,3,23,43,179,47,7188,418,44,374,135,290
"species",25,25,195,290,108,382,48,5,46,128,27,89,128,162,45,7260,386,29,357,108,223
"species",26,26,193,284,107,338,71,5,70,176,21,144,75,173,48,7011,372,17,355,279,225
"species",27,27,192,282,107,338,69,5,65,161,18,130,89,160,46,6945,370,26,344,278,220
"species",28,28,228,326,134,77,14,0,57,31,3,20,26,162,44,7581,417,52,365,291,259
"species",29,29,206,297,119,300,58,4,64,147,19,120,72,160,46,7076,378,35,343,292,238
"species",30,30,228,326,134,77,14,0,57,31,3,20,26,162,44,7581,417,52,365,291,259
"species",31,31,228,326,134,77,14,0,57,31,3,20,26,162,44,7581,417,52,365,291,259
"species",32,32,225,320,133,78,14,0,58,31,3,20,27,166,45,7366,414,52,362,288,253
"species",33,33,193,284,107,338,71,5,70,176,21,144,75,173,48,7011,372,17,355,279,225
"species",34,34,223,315,136,91,18,0,66,44,4,20,39,169,46,7074,411,49,362,148,287
"species",35,35,209,310,114,193,32,3,49,74,12,59,58,171,45,7686,402,28,374,305,243
"species",36,36,171,243,110,350,74,2,85,194,8,15,186,157,51,5221,342,36,306,115,237
"species",37,37,211,298,132,194,38,0,77,108,6,26,91,172,48,6535,398,46,352,141,268
"species",38,38,211,298,132,194,38,0,77,108,6,26,91,172,48,6535,398,46,352,141,268
"species",39,39,191,249,122,289,67,6,86,174,18,144,29,162,53,4987,337,36,301,240,168
"species",40,40,194,280,115,230,40,1,64,109,14,22,108,170,48,6556,389,35,354,126,254
"species",41,41,205,305,111,204,32,2,48,76,12,54,63,170,45,7624,402,25,377,301,236
"species",42,42,172,269,84,323,50,4,47,113,24,86,98,184,48,7352,376,-5,381,267,199
"species",43,43,241,311,167,296,88,3,112,203,13,175,53,155,50,5807,388,84,304,311,227
"species",44,44,220,311,133,210,46,2,64,96,11,77,55,135,41,7118,391,65,326,309,246
"species",45,45,203,294,116,300,62,4,68,154,19,126,67,157,46,7016,373,35,338,289,236
"species",46,46,180,245,124,264,48,3,74,140,12,20,129,158,53,4781,342,46,296,130,240
"species",47,47,227,318,139,93,18,0,65,44,4,13,44,171,46,7043,417,48,369,139,255
"species",48,48,205,301,114,314,56,6,55,139,23,113,81,177,47,7351,393,23,370,296,238
"species",49,49,194,280,115,230,40,1,64,109,14,22,108,170,48,6556,389,35,354,126,254
"species",50,50,192,282,107,338,69,5,65,161,18,130,89,160,46,6945,370,26,344,278,220
"species",51,51,194,280,115,230,40,1,64,109,14,22,108,170,48,6556,389,35,354,126,254
"species",52,52,206,305,113,219,34,2,49,77,12,57,72,173,45,7593,402,25,377,301,238
"species",53,53,206,305,113,219,34,2,49,77,12,57,72,173,45,7593,402,25,377,301,238
"species",54,54,193,284,107,338,71,5,70,176,21,144,75,173,48,7011,372,17,355,279,225
"species",55,55,194,280,115,230,40,1,64,109,14,22,108,170,48,6556,389,35,354,126,254
"species",56,56,221,319,129,89,16,0,55,35,4,24,29,160,44,7497,411,49,362,317,250
"species",57,57,211,310,119,252,32,3,45,85,17,59,84,167,45,7536,404,36,368,132,243
"species",58,58,227,318,139,93,18,0,65,44,4,13,44,171,46,7043,417,48,369,139,255
"species",59,59,211,314,112,192,32,2,49,74,11,59,58,181,46,7939,412,19,393,309,247
"species",60,60,198,300,100,401,51,6,44,135,30,95,135,156,42,7857,392,24,368,100,234
"species",61,61,193,284,107,338,71,5,70,176,21,144,75,173,48,7011,372,17,355,279,225
"species",62,62,117,170,75,747,142,2,87,392,9,16,392,145,58,3854,261,11,250,75,166
"species",63,63,192,282,107,338,69,5,65,161,18,130,89,160,46,6945,370,26,344,278,220
"species",64,64,227,318,139,93,18,0,65,44,4,13,44,171,46,7043,417,48,369,139,255
"species",65,65,196,289,108,345,64,6,61,159,23,129,88,171,47,7137,380,21,359,284,228
"species",66,66,228,326,134,77,14,0,57,31,3,20,26,162,44,7581,417,52,365,291,259
"species",67,67,228,326,134,77,14,0,57,31,3,20,26,162,44,7581,417,52,365,291,259
"species",68,68,206,297,119,300,58,4,64,147,19,120,72,160,46,7076,378,35,343,292,238
"species",69,69,223,282,170,236,66,0,107,157,3,157,41,147,57,4374,349,93,256,282,227
"species",70,70,207,226,189,1058,222,4,104,654,20,299,30,145,70,1425,312,107,205,211,190
"species",71,71,246,276,209,1520,419,1,119,1120,19,964,69,121,62,2719,330,137,193,274,223
"species",72,72,218,322,120,124,19,1,47,43,8,31,42,148,40,7932,411,46,365,318,252
"species",73,73,196,286,111,316,69,4,74,166,16,134,78,175,49,6927,378,21,357,282,224
"species",74,74,218,322,120,124,19,1,47,43,8,31,42,148,40,7932,411,46,365,318,252
"species",75,75,218,321,120,114,19,1,52,41,6,30,39,152,41,7916,412,44,368,318,252
"species",76,76,196,286,111,316,69,4,74,166,16,134,78,175,49,6927,378,21,357,282,224
"species",77,77,222,322,126,82,16,0,62,33,3,23,27,159,43,7725,414,46,368,319,253
"species",78,78,180,267,97,405,84,6,73,212,23,173,96,168,48,6732,355,11,344,262,209
"species",79,79,196,286,111,316,69,4,74,166,16,134,78,175,49,6927,378,21,357,282,224
"species",80,80,218,321,120,114,19,1,52,41,6,30,39,152,41,7916,412,44,368,318,252
"species",81,81,218,321,120,114,19,1,52,41,6,30,39,152,41,7916,412,44,368,318,252
"species",82,82,196,286,111,316,69,4,74,166,16,134,78,175,49,6927,378,21,357,282,224
"species",83,83,218,321,120,114,19,1,52,41,6,30,39,152,41,7916,412,44,368,318,252
"species",84,84,196,286,111,316,69,4,74,166,16,134,78,175,49,6927,378,21,357,282,224
"species",85,85,218,321,120,114,19,1,52,41,6,30,39,152,41,7916,412,44,368,318,252
"species",86,86,213,300,133,170,29,1,62,81,10,28,78,171,47,6647,407,50,357,144,274
"species",87,87,167,252,93,330,56,2,67,160,20,41,150,165,48,6293,359,19,340,102,223
"species",88,88,196,286,111,316,69,4,74,166,16,134,78,175,49,6927,378,21,357,282,224
"species",89,89,218,321,120,114,19,1,52,41,6,30,39,152,41,7916,412,44,368,318,252
"species",90,90,218,321,120,114,19,1,52,41,6,30,39,152,41,7916,412,44,368,318,252
"species",91,91,196,286,111,316,69,4,74,166,16,134,78,175,49,6927,378,21,357,282,224
"species",92,92,218,321,120,114,19,1,52,41,6,30,39,152,41,7916,412,44,368,318,252
"species",93,93,218,322,120,124,19,1,47,43,8,31,42,148,40,7932,411,46,365,318,252
"species",94,94,218,322,120,124,19,1,47,43,8,31,42,148,40,7932,411,46,365,318,252
"species",95,95,196,286,111,316,69,4,74,166,16,134,78,175,49,6927,378,21,357,282,224
"species",96,96,218,322,120,124,19,1,47,43,8,31,42,148,40,7932,411,46,365,318,252
"species",97,97,211,298,132,194,38,0,77,108,6,26,91,172,48,6535,398,46,352,141,268
"species",98,98,211,298,132,194,38,0,77,108,6,26,91,172,48,6535,398,46,352,141,268
"species",99,99,227,327,129,132,27,1,57,57,8,46,38,165,44,7860,417,42,375,325,261
"species",100,100,225,329,125,102,16,1,51,37,6,25,37,158,42,8021,421,45,376,125,261
"species",101,101,226,322,133,60,10,0,56,24,2,19,23,180,47,7477,424,43,381,291,254
"species",102,102,229,328,133,79,14,1,53,31,4,23,26,143,40,7667,413,59,354,325,261
"species",103,103,198,284,121,223,42,0,75,120,8,30,104,174,49,6433,390,38,352,129,254
"species",104,104,212,314,113,204,37,3,51,82,13,66,58,181,46,7867,411,21,390,309,247
"species",105,105,212,314,113,204,37,3,51,82,13,66,58,181,46,7867,411,21,390,309,247
"species",106,106,229,328,133,79,14,1,53,31,4,23,26,143,40,7667,413,59,354,325,261
"species",107,107,189,305,79,120,14,3,30,40,16,27,35,154,38,8805,404,2,402,100,230
"species",108,108,159,264,61,222,30,5,38,72,26,58,65,147,40,7981,360,-7,367,75,191
"species",109,109,193,305,87,115,15,2,36,37,13,28,35,138,36,8543,395,19,376,106,232
"species",110,110,229,337,125,110,15,1,44,39,8,25,38,146,38,8344,426,51,375,144,266
"species",111,111,211,318,109,82,14,1,52,32,6,25,26,155,40,8187,415,30,385,312,248
"species",112,112,225,323,129,61,11,0,53,25,2,15,21,170,45,7649,420,45,375,289,255
"species",113,113,184,295,77,101,15,3,41,38,14,24,37,166,40,8527,397,-11,408,99,224
"species",114,114,223,326,123,86,15,1,52,31,5,22,31,166,43,7965,421,37,384,323,259
"species",115,115,212,314,116,166,26,1,51,62,9,43,51,167,44,7785,410,31,379,310,245
"species",116,116,231,340,125,100,14,1,43,35,8,23,34,145,38,8456,428,52,376,144,269
"species",117,117,173,271,85,309,47,4,46,106,23,81,96,179,47,7359,376,-2,378,268,200
"species",118,118,173,285,67,138,16,4,29,44,21,33,38,159,39,8538,387,-11,398,86,212
"species",119,119,198,315,85,119,14,3,35,41,15,26,36,149,37,8966,411,12,399,107,239
"species",120,120,224,329,123,134,18,1,45,48,9,29,48,148,40,8124,418,48,370,140,259
"species",121,121,231,340,125,100,14,1,43,35,8,23,34,145,38,8456,428,52,376,144,269
"species",122,122,201,302,108,209,33,2,49,78,12,56,63,165,44,7641,398,25,373,298,232
"species",123,123,201,302,108,209,33,2,49,78,12,56,63,165,44,7641,398,25,373,298,232
"species",124,124,159,264,61,222,30,5,38,72,26,58,65,147,40,7981,360,-7,367,75,191
"species",125,125,193,305,87,115,15,2,36,37,13,28,35,138,36,8543,395,19,376,106,232
"species",126,126,193,305,87,115,15,2,36,37,13,28,35,138,36,8543,395,19,376,106,232
"species",127,127,193,305,87,115,15,2,36,37,13,28,35,138,36,8543,395,19,376,106,232
"species",128,128,229,337,125,110,15,1,44,39,8,25,38,146,38,8344,426,51,375,144,266
"species",129,129,211,318,109,82,14,1,52,32,6,25,26,155,40,8187,415,30,385,312,248
"species",130,130,227,328,130,79,14,1,52,30,5,22,26,150,41,7766,416,54,362,324,260
"species",131,131,213,311,118,218,32,3,45,78,15,60,66,167,45,7587,404,34,370,307,245
"species",132,132,223,326,123,86,15,1,52,31,5,22,31,166,43,7965,421,37,384,323,259
"species",133,133,223,326,123,86,15,1,52,31,5,22,31,166,43,7965,421,37,384,323,259
"species",134,134,223,326,123,86,15,1,52,31,5,22,31,166,43,7965,421,37,384,323,259
"species",135,135,226,330,127,98,16,1,48,34,6,25,33,147,40,7982,418,53,365,326,261
"species",136,136,173,271,85,309,47,4,46,106,23,81,96,179,47,7359,376,-2,378,268,200
"species",137,137,173,285,67,138,16,4,29,44,21,33,38,159,39,8538,387,-11,398,86,212
"species",138,138,198,315,85,119,14,3,35,41,15,26,36,149,37,8966,411,12,399,107,239
"species",139,139,224,329,123,134,18,1,45,48,9,29,48,148,40,8124,418,48,370,140,259
"species",140,140,231,340,125,100,14,1,43,35,8,23,34,145,38,8456,428,52,376,144,269
"species",141,141,201,302,108,209,33,2,49,78,12,56,63,165,44,7641,398,25,373,298,232
"species",142,142,201,301,108,210,33,2,49,78,12,56,64,164,44,7610,397,26,371,297,231
"species",143,143,193,305,87,115,15,2,36,37,13,28,35,138,36,8543,395,19,376,106,232
"species",144,144,193,305,87,115,15,2,36,37,13,28,35,138,36,8543,395,19,376,106,232
"species",145,145,193,305,87,115,15,2,36,37,13,28,35,138,36,8543,395,19,376,106,232
"species",146,146,223,327,123,142,19,1,48,50,9,31,50,152,40,8048,418,45,373,140,257
"species",147,147,229,337,125,110,15,1,44,39,8,25,38,146,38,8344,426,51,375,144,266
"species",148,148,211,318,109,82,14,1,52,32,6,25,26,155,40,8187,415,30,385,312,248
"species",149,149,227,328,130,79,14,1,52,30,5,22,26,150,41,7766,416,54,362,324,260
"species",150,150,187,283,97,301,47,4,48,108,21,81,94,186,48,7346,389,3,386,280,215
"species",151,151,223,326,123,86,15,1,52,31,5,22,31,166,43,7965,421,37,384,323,259
"species",152,152,223,326,123,86,15,1,52,31,5,22,31,166,43,7965,421,37,384,323,259
"species",153,153,223,326,123,86,15,1,52,31,5,22,31,166,43,7965,421,37,384,323,259
"species",154,154,212,314,116,166,26,1,51,62,9,43,51,167,44,7785,410,31,379,310,245
"species",155,155,173,271,85,309,47,4,46,106,23,81,96,179,47,7359,376,-2,378,268,200
"species",156,156,173,285,67,138,16,4,29,44,21,33,38,159,39,8538,387,-11,398,86,212
"species",157,157,198,315,85,119,14,3,35,41,15,26,36,149,37,8966,411,12,399,107,239
"species",158,158,224,329,123,134,18,1,45,48,9,29,48,148,40,8124,418,48,370,140,259
"species",159,159,226,327,128,130,28,1,65,58,8,48,37,165,43,7892,416,40,376,325,260
"species",160,160,211,308,118,311,50,8,47,120,28,99,85,180,47,7511,405,25,380,304,244
"species",161,161,201,302,108,209,33,2,49,78,12,56,63,165,44,7641,398,25,373,298,232
"species",162,162,201,301,108,210,33,2,49,78,12,56,64,164,44,7610,397,26,371,297,231
"species",163,163,224,321,129,67,12,0,58,27,3,17,23,171,45,7552,418,45,373,287,253
"species",164,164,159,264,61,222,30,5,38,72,26,58,65,147,40,7981,360,-7,367,75,191
"species",165,165,193,305,87,115,15,2,36,37,13,28,35,138,36,8543,395,19,376,106,232
"species",166,166,217,320,117,129,21,1,50,46,8,33,42,165,43,7993,416,33,383,317,252
"species",167,167,189,289,93,422,61,7,45,140,32,112,137,155,42,7716,379,16,363,283,224
"species",168,168,211,318,109,82,14,1,52,32,6,25,26,155,40,8187,415,30,385,312,248
"species",169,169,227,328,130,79,14,1,52,30,5,22,26,150,41,7766,416,54,362,324,260
"species",170,170,202,295,113,309,60,5,67,154,21,126,72,175,48,7174,384,22,362,290,234
"species",171,171,223,326,123,86,15,1,52,31,5,22,31,166,43,7965,421,37,384,323,259
"species",172,172,223,326,123,86,15,1,52,31,5,22,31,166,43,7965,421,37,384,323,259
"species",173,173,223,326,123,86,15,1,52,31,5,22,31,166,43,7965,421,37,384,323,259
"species",174,174,212,314,116,166,26,1,51,62,9,43,51,167,44,7785,410,31,379,310,245
"species",175,175,226,330,127,98,16,1,48,34,6,25,33,147,40,7982,418,53,365,326,261
"species",176,176,173,285,67,138,16,4,29,44,21,33,38,159,39,8538,387,-11,398,86,212
"species",177,177,198,315,85,119,14,3,35,41,15,26,36,149,37,8966,411,12,399,107,239
"species",178,178,224,329,123,134,18,1,45,48,9,29,48,148,40,8124,418,48,370,140,259
"species",179,179,230,323,140,90,15,0,55,36,4,22,30,157,44,7265,412,61,351,292,257
"species",180,180,211,308,118,311,50,8,47,120,28,99,85,180,47,7511,405,25,380,304,244
"species",181,181,201,302,108,209,33,2,49,78,12,56,63,165,44,7641,398,25,373,298,232
"species",182,182,170,287,60,183,23,4,33,65,25,37,56,164,40,8824,391,-19,410,81,212
"species",183,183,212,301,129,145,26,1,60,68,9,17,68,173,47,6822,410,44,366,129,276
"species",184,184,159,264,61,222,30,5,38,72,26,58,65,147,40,7981,360,-7,367,75,191
"species",185,185,166,277,60,138,16,4,28,43,23,33,36,168,41,8438,383,-22,405,80,204
"species",186,186,193,305,87,115,15,2,36,37,13,28,35,138,36,8543,395,19,376,106,232
"species",187,187,189,293,93,170,26,2,44,58,15,46,54,128,37,7889,378,33,345,107,222
"species",188,188,211,318,109,82,14,1,52,32,6,25,26,155,40,8187,415,30,385,312,248
"species",189,189,104,196,24,422,62,9,43,145,43,122,128,144,43,6830,288,-41,329,191,126
"species",190,190,223,326,123,86,15,1,52,31,5,22,31,166,43,7965,421,37,384,323,259
"species",191,191,223,326,123,86,15,1,52,31,5,22,31,166,43,7965,421,37,384,323,259
"species",192,192,223,326,123,86,15,1,52,31,5,22,31,166,43,7965,421,37,384,323,259
"species",193,193,212,314,116,166,26,1,51,62,9,43,51,167,44,7785,410,31,379,310,245
"species",194,194,173,271,85,309,47,4,46,106,23,81,96,179,47,7359,376,-2,378,268,200
"species",195,195,173,271,85,309,47,4,46,106,23,81,96,179,47,7359,376,-2,378,268,200
"species",196,196,119,220,28,243,29,7,35,83,34,61,80,148,41,7546,317,-42,359,40,148
"species",197,197,224,329,123,134,18,1,45,48,9,29,48,148,40,8124,418,48,370,140,259
"species",198,198,230,323,140,90,15,0,55,36,4,22,30,157,44,7265,412,61,351,292,257
"species",199,199,180,277,90,301,48,4,47,109,21,83,92,181,47,7390,381,0,381,275,208
"species",200,200,201,302,108,209,33,2,49,78,12,56,63,165,44,7641,398,25,373,298,232
"species",201,201,193,305,87,115,15,2,36,37,13,28,35,138,36,8543,395,19,376,106,232
"species",202,202,193,305,87,115,15,2,36,37,13,28,35,138,36,8543,395,19,376,106,232
"species",203,203,193,305,87,115,15,2,36,37,13,28,35,138,36,8543,395,19,376,106,232
"species",204,204,170,287,60,183,23,4,33,65,25,37,56,164,40,8824,391,-19,410,81,212
"species",205,205,193,305,87,115,15,2,36,37,13,28,35,138,36,8543,395,19,376,106,232
"species",206,206,189,293,93,170,26,2,44,58,15,46,54,128,37,7889,378,33,345,107,222
"species",207,207,211,318,109,82,14,1,52,32,6,25,26,155,40,8187,415,30,385,312,248
"species",208,208,193,305,87,115,15,2,36,37,13,28,35,138,36,8543,395,19,376,106,232
"species",209,209,223,326,123,86,15,1,52,31,5,22,31,166,43,7965,421,37,384,323,259
"species",210,210,223,326,123,86,15,1,52,31,5,22,31,166,43,7965,421,37,384,323,259
"species",211,211,174,279,77,153,22,3,40,53,16,41,44,145,40,7952,371,9,362,274,207
"species",212,212,173,271,85,309,47,4,46,106,23,81,96,179,47,7359,376,-2,378,268,200
"species",213,213,226,327,126,128,18,1,49,47,8,27,47,157,41,7934,420,45,375,126,260
"species",214,214,198,315,85,119,14,3,35,41,15,26,36,149,37,8966,411,12,399,107,239
"species",215,215,224,329,123,134,18,1,45,48,9,29,48,148,40,8124,418,48,370,140,259
"species",216,216,218,321,118,128,20,1,49,45,8,32,42,165,42,8011,417,32,385,317,253
"species",217,217,212,313,115,231,42,4,52,91,16,74,64,185,47,7778,412,21,391,307,247
"species",218,218,201,302,108,209,33,2,49,78,12,56,63,165,44,7641,398,25,373,298,232
"species",219,219,201,302,108,209,33,2,49,78,12,56,63,165,44,7641,398,25,373,298,232
"species",220,220,189,293,93,170,26,2,44,58,15,46,54,128,37,7889,378,33,345,107,222
"species",221,221,202,296,112,322,59,6,59,146,23,119,82,175,47,7263,388,22,366,291,235
"species",222,222,193,305,87,115,15,2,36,37,13,28,35,138,36,8543,395,19,376,106,232
"species",223,223,211,318,109,82,14,1,52,32,6,25,26,155,40,8187,415,30,385,312,248
"species",224,224,193,305,87,115,15,2,36,37,13,28,35,138,36,8543,395,19,376,106,232
"species",225,225,153,251,58,306,58,6,65,154,25,128,65,195,49,7526,352,-39,391,243,191
"species",226,226,193,305,87,115,15,2,36,37,13,28,35,138,36,8543,395,19,376,106,232
"species",227,227,223,326,123,86,15,1,52,31,5,22,31,166,43,7965,421,37,384,323,259
"species",228,228,223,326,123,86,15,1,52,31,5,22,31,166,43,7965,421,37,384,323,259
"species",229,229,207,313,107,163,21,2,44,57,13,37,54,149,40,8112,403,33,370,123,241
"species",230,230,226,327,126,128,18,1,49,47,8,27,47,157,41,7934,420,45,375,126,260
"species",231,231,198,315,85,119,14,3,35,41,15,26,36,149,37,8966,411,12,399,107,239
"species",232,232,224,329,123,134,18,1,45,48,9,29,48,148,40,8124,418,48,370,140,259
"species",233,233,231,340,125,100,14,1,43,35,8,23,34,145,38,8456,428,52,376,144,269
"species",234,234,201,302,108,209,33,2,49,78,12,56,63,165,44,7641,398,25,373,298,232
"species",235,235,201,302,108,209,33,2,49,78,12,56,63,165,44,7641,398,25,373,298,232
"species",236,236,193,305,87,115,15,2,36,37,13,28,35,138,36,8543,395,19,376,106,232
"species",237,237,189,293,93,170,26,2,44,58,15,46,54,128,37,7889,378,33,345,107,222
"species",238,238,109,212,13,374,43,12,28,120,58,89,108,162,42,7811,319,-65,384,26,140
"species",239,239,193,305,87,115,15,2,36,37,13,28,35,138,36,8543,395,19,376,106,232
"species",240,240,193,305,87,115,15,2,36,37,13,28,35,138,36,8543,395,19,376,106,232
"species",241,241,189,293,93,170,26,2,44,58,15,46,54,128,37,7889,378,33,345,107,222
"species",242,242,159,264,61,222,30,5,38,72,26,58,65,147,40,7981,360,-7,367,75,191
"species",243,243,209,307,116,303,43,5,43,102,23,80,93,161,44,7570,397,36,361,303,241
"species",244,244,223,326,123,86,15,1,52,31,5,22,31,166,43,7965,421,37,384,323,259
"species",245,245,223,326,123,86,15,1,52,31,5,22,31,166,43,7965,421,37,384,323,259
"species",246,246,207,313,107,163,21,2,44,57,13,37,54,149,40,8112,403,33,370,123,241
"species",247,247,173,271,85,309,47,4,46,106,23,81,96,179,47,7359,376,-2,378,268,200
"species",248,248,226,330,126,131,18,1,49,47,8,28,47,154,41,8034,421,47,374,143,260
"species",249,249,198,315,85,119,14,3,35,41,15,26,36,149,37,8966,411,12,399,107,239
"species",250,250,224,329,123,134,18,1,45,48,9,29,48,148,40,8124,418,48,370,140,259
"species",251,251,218,321,118,128,20,1,49,45,8,32,42,165,42,8011,417,32,385,317,253
"species",252,252,231,340,125,100,14,1,43,35,8,23,34,145,38,8456,428,52,376,144,269
"species",253,253,201,302,108,209,33,2,49,78,12,56,63,165,44,7641,398,25,373,298,232
"species",254,254,201,302,108,209,33,2,49,78,12,56,63,165,44,7641,398,25,373,298,232
"species",255,255,176,286,72,112,14,3,36,39,15,28,37,169,41,8349,389,-18,407,92,213
"species",256,256,193,305,87,115,15,2,36,37,13,28,35,138,36,8543,395,19,376,106,232
"species",257,257,211,318,109,82,14,1,52,32,6,25,26,155,40,8187,415,30,385,312,248
"species",258,258,159,264,61,222,30,5,38,72,26,58,65,147,40,7981,360,-7,367,75,191
"species",259,259,209,307,116,303,43,5,43,102,23,80,93,161,44,7570,397,36,361,303,241
"species",260,260,193,305,87,115,15,2,36,37,13,28,35,138,36,8543,395,19,376,106,232
"species",261,261,223,326,123,86,15,1,52,31,5,22,31,166,43,7965,421,37,384,323,259
"species",262,262,223,326,123,86,15,1,52,31,5,22,31,166,43,7965,421,37,384,323,259
"species",263,263,207,313,107,163,21,2,44,57,13,37,54,149,40,8112,403,33,370,123,241
"species",264,264,173,271,85,309,47,4,46,106,23,81,96,179,47,7359,376,-2,378,268,200
"species",265,265,198,315,85,119,14,3,35,41,15,26,36,149,37,8966,411,12,399,107,239
"species",266,266,224,329,123,134,18,1,45,48,9,29,48,148,40,8124,418,48,370,140,259
"species",267,267,218,321,118,128,20,1,49,45,8,32,42,165,42,8011,417,32,385,317,253
"species",268,268,201,302,108,209,33,2,49,78,12,56,63,165,44,7641,398,25,373,298,232
"species",269,269,201,302,108,209,33,2,49,78,12,56,63,165,44,7641,398,25,373,298,232
"species",270,270,159,264,61,222,30,5,38,72,26,58,65,147,40,7981,360,-7,367,75,191
"species",271,271,193,305,87,115,15,2,36,37,13,28,35,138,36,8543,395,19,376,106,232
"species",272,272,193,305,87,115,15,2,36,37,13,28,35,138,36,8543,395,19,376,106,232
"species",273,273,193,305,87,115,15,2,36,37,13,28,35,138,36,8543,395,19,376,106,232
"species",274,274,211,318,109,82,14,1,52,32,6,25,26,155,40,8187,415,30,385,312,248
"species",275,275,159,264,61,222,30,5,38,72,26,58,65,147,40,7981,360,-7,367,75,191
"species",276,276,159,264,61,222,30,5,38,72,26,58,65,147,40,7981,360,-7,367,75,191
"species",277,277,231,340,125,100,14,1,43,35,8,23,34,145,38,8456,428,52,376,144,269
"species",278,278,173,271,85,309,47,4,46,106,23,81,96,179,47,7359,376,-2,378,268,200
"species",279,279,186,299,79,96,15,2,40,36,13,21,36,166,40,8584,400,-9,409,101,227
"species",280,280,198,315,85,119,14,3,35,41,15,26,36,149,37,8966,411,12,399,107,239
"species",281,281,224,329,123,134,18,1,45,48,9,29,48,148,40,8124,418,48,370,140,259
"species",282,282,218,321,118,128,20,1,49,45,8,32,42,165,42,8011,417,32,385,317,253
"species",283,283,231,340,125,100,14,1,43,35,8,23,34,145,38,8456,428,52,376,144,269
"species",284,284,201,302,108,209,33,2,49,78,12,56,63,165,44,7641,398,25,373,298,232
"species",285,285,201,302,108,209,33,2,49,78,12,56,63,165,44,7641,398,25,373,298,232
"species",286,286,193,305,87,115,15,2,36,37,13,28,35,138,36,8543,395,19,376,106,232
"species",287,287,193,305,87,115,15,2,36,37,13,28,35,138,36,8543,395,19,376,106,232
"species",288,288,193,305,87,115,15,2,36,37,13,28,35,138,36,8543,395,19,376,106,232
"species",289,289,193,305,87,115,15,2,36,37,13,28,35,138,36,8543,395,19,376,106,232
"species",290,290,229,337,125,110,15,1,44,39,8,25,38,146,38,8344,426,51,375,144,266
"species",291,291,211,318,109,82,14,1,52,32,6,25,26,155,40,8187,415,30,385,312,248
"species",292,292,213,311,118,218,32,3,45,78,15,60,66,167,45,7587,404,34,370,307,245
"species",293,293,223,326,123,86,15,1,52,31,5,22,31,166,43,7965,421,37,384,323,259
"species",294,294,223,326,123,86,15,1,52,31,5,22,31,166,43,7965,421,37,384,323,259
"species",295,295,223,326,123,86,15,1,52,31,5,22,31,166,43,7965,421,37,384,323,259
"species",296,296,212,314,116,166,26,1,51,62,9,43,51,167,44,7785,410,31,379,310,245
"species",297,297,226,330,127,98,16,1,48,34,6,25,33,147,40,7982,418,53,365,326,261
"species",298,298,173,271,85,309,47,4,46,106,23,81,96,179,47,7359,376,-2,378,268,200
"species",299,299,173,285,67,138,16,4,29,44,21,33,38,159,39,8538,387,-11,398,86,212
"species",300,300,198,315,85,119,14,3,35,41,15,26,36,149,37,8966,411,12,399,107,239
"species",301,301,139,247,38,324,45,8,33,117,49,62,100,165,41,8176,353,-42,395,55,175
"species",302,302,224,329,123,134,18,1,45,48,9,29,48,148,40,8124,418,48,370,140,259
"species",303,303,197,290,109,331,63,5,65,161,21,131,80,175,48,7137,381,18,363,285,229
"species",304,304,231,340,125,100,14,1,43,35,8,23,34,145,38,8456,428,52,376,144,269
"species",305,305,201,302,108,209,33,2,49,78,12,56,63,165,44,7641,398,25,373,298,232
"species",306,306,201,301,108,210,33,2,49,78,12,56,64,164,44,7610,397,26,371,297,231
"species",307,307,176,286,72,112,14,3,36,39,15,28,37,169,41,8349,389,-18,407,92,213
"species",308,308,193,305,87,115,15,2,36,37,13,28,35,138,36,8543,395,19,376,106,232
"species",309,309,193,305,87,115,15,2,36,37,13,28,35,138,36,8543,395,19,376,106,232
"species",310,310,223,327,123,142,19,1,48,50,9,31,50,152,40,8048,418,45,373,140,257
"species",311,311,229,337,125,110,15,1,44,39,8,25,38,146,38,8344,426,51,375,144,266
"species",312,312,167,261,82,234,30,1,47,88,21,48,86,156,44,7079,362,11,351,93,191
"species",313,313,189,293,93,170,26,2,44,58,15,46,54,128,37,7889,378,33,345,107,222
"species",314,314,223,326,123,86,15,1,52,31,5,22,31,166,43,7965,421,37,384,323,259
"species",315,315,223,326,123,86,15,1,52,31,5,22,31,166,43,7965,421,37,384,323,259
"species",316,316,223,326,123,86,15,1,52,31,5,22,31,166,43,7965,421,37,384,323,259
"species",317,317,212,314,116,166,26,1,51,62,9,43,51,167,44,7785,410,31,379,310,245
"species",318,318,226,330,127,98,16,1,48,34,6,25,33,147,40,7982,418,53,365,326,261
"species",319,319,173,271,85,309,47,4,46,106,23,81,96,179,47,7359,376,-2,378,268,200
"species",320,320,173,285,67,138,16,4,29,44,21,33,38,159,39,8538,387,-11,398,86,212
"species",321,321,198,315,85,119,14,3,35,41,15,26,36,149,37,8966,411,12,399,107,239
"species",322,322,224,329,123,134,18,1,45,48,9,29,48,148,40,8124,418,48,370,140,259
"species",323,323,230,323,140,90,15,0,55,36,4,22,30,157,44,7265,412,61,351,292,257
"species",324,324,225,326,127,137,29,1,62,61,8,50,39,163,43,7852,414,41,373,323,259
"species",325,325,211,308,118,311,50,8,47,120,28,99,85,180,47,7511,405,25,380,304,244
"species",326,326,201,302,108,209,33,2,49,78,12,56,63,165,44,7641,398,25,373,298,232
"species",327,327,166,277,60,138,16,4,28,43,23,33,36,168,41,8438,383,-22,405,80,204
"species",328,328,212,313,115,231,42,4,52,91,16,74,64,185,47,7778,412,21,391,307,247
"species",329,329,193,305,87,115,15,2,36,37,13,28,35,138,36,8543,395,19,376,106,232
"species",330,330,193,305,87,115,15,2,36,37,13,28,35,138,36,8543,395,19,376,106,232
"species",331,331,193,305,87,115,15,2,36,37,13,28,35,138,36,8543,395,19,376,106,232
"species",332,332,211,318,109,82,14,1,52,32,6,25,26,155,40,8187,415,30,385,312,248
"species",333,333,225,323,129,61,11,0,53,25,2,15,21,170,45,7649,420,45,375,289,255
"species",334,334,170,287,60,183,23,4,33,65,25,37,56,164,40,8824,391,-19,410,81,212
"species",335,335,223,326,123,86,15,1,52,31,5,22,31,166,43,7965,421,37,384,323,259
"species",336,336,232,325,141,74,13,0,56,29,3,18,26,165,46,7289,417,59,358,294,259
"species",337,337,231,340,125,100,14,1,43,35,8,23,34,145,38,8456,428,52,376,144,269
"species",338,338,173,271,85,309,47,4,46,106,23,81,96,179,47,7359,376,-2,378,268,200
"species",339,339,173,285,67,138,16,4,29,44,21,33,38,159,39,8538,387,-11,398,86,212
"species",340,340,224,329,123,134,18,1,45,48,9,29,48,148,40,8124,418,48,370,140,259
"species",341,341,231,340,125,100,14,1,43,35,8,23,34,145,38,8456,428,52,376,144,269
"species",342,342,201,302,108,209,33,2,49,78,12,56,63,165,44,7641,398,25,373,298,232
"species",343,343,159,264,61,222,30,5,38,72,26,58,65,147,40,7981,360,-7,367,75,191
"species",344,344,193,305,87,115,15,2,36,37,13,28,35,138,36,8543,395,19,376,106,232
"species",345,345,193,305,87,115,15,2,36,37,13,28,35,138,36,8543,395,19,376,106,232
"species",346,346,193,305,87,115,15,2,36,37,13,28,35,138,36,8543,395,19,376,106,232
"species",347,347,229,337,125,110,15,1,44,39,8,25,38,146,38,8344,426,51,375,144,266
"species",348,348,225,323,129,61,11,0,53,25,2,15,21,170,45,7649,420,45,375,289,255
"species",349,349,189,293,93,170,26,2,44,58,15,46,54,128,37,7889,378,33,345,107,222
"species",350,350,223,326,123,86,15,1,52,31,5,22,31,166,43,7965,421,37,384,323,259
"species",351,351,223,326,123,86,15,1,52,31,5,22,31,166,43,7965,421,37,384,323,259
"species",352,352,223,326,123,86,15,1,52,31,5,22,31,166,43,7965,421,37,384,323,259
"species",353,353,212,314,116,166,26,1,51,62,9,43,51,167,44,7785,410,31,379,310,245
"species",354,354,224,334,119,104,15,1,46,36,8,25,34,141,37,8450,421,49,372,137,262
"species",355,355,173,271,85,309,47,4,46,106,23,81,96,179,47,7359,376,-2,378,268,200
"species",356,356,173,285,67,138,16,4,29,44,21,33,38,159,39,8538,387,-11,398,86,212
"species",357,357,198,315,85,119,14,3,35,41,15,26,36,149,37,8966,411,12,399,107,239
"species",358,358,224,329,123,134,18,1,45,48,9,29,48,148,40,8124,418,48,370,140,259
"species",359,359,231,340,125,100,14,1,43,35,8,23,34,145,38,8456,428,52,376,144,269
"species",360,360,201,302,108,209,33,2,49,78,12,56,63,165,44,7641,398,25,373,298,232
"species",361,361,189,293,93,170,26,2,44,58,15,46,54,128,37,7889,378,33,345,107,222
"species",362,362,193,305,87,115,15,2,36,37,13,28,35,138,36,8543,395,19,376,106,232
"species",363,363,193,305,87,115,15,2,36,37,13,28,35,138,36,8543,395,19,376,106,232
"species",364,364,229,337,125,110,15,1,44,39,8,25,38,146,38,8344,426,51,375,144,266
"species",365,365,226,327,128,130,28,1,65,58,8,48,37,165,43,7892,416,40,376,325,260
"species",366,366,211,318,109,82,14,1,52,32,6,25,26,155,40,8187,415,30,385,312,248
"species",367,367,225,322,130,155,33,1,64,70,8,56,42,153,42,7602,407,50,357,320,256
"species",368,368,206,297,119,304,59,4,64,148,19,121,73,158,46,7048,377,37,340,292,238
"species",369,369,223,326,123,86,15,1,52,31,5,22,31,166,43,7965,421,37,384,323,259
"species",370,370,223,326,123,86,15,1,52,31,5,22,31,166,43,7965,421,37,384,323,259
"species",371,371,212,314,116,166,26,1,51,62,9,43,51,167,44,7785,410,31,379,310,245
"species",372,372,223,327,123,119,18,1,49,41,8,29,41,147,40,8026,415,49,366,123,257
"species",373,373,173,271,85,309,47,4,46,106,23,81,96,179,47,7359,376,-2,378,268,200
"species",374,374,198,315,85,119,14,3,35,41,15,26,36,149,37,8966,411,12,399,107,239
"species",375,375,119,220,28,243,29,7,35,83,34,61,80,148,41,7546,317,-42,359,40,148
"species",376,376,224,329,123,134,18,1,45,48,9,29,48,148,40,8124,418,48,370,140,259
"species",377,377,230,323,140,90,15,0,55,36,4,22,30,157,44,7265,412,61,351,292,257
"species",378,378,225,326,127,137,29,1,62,61,8,50,39,163,43,7852,414,41,373,323,259
"species",379,379,211,308,118,311,50,8,47,120,28,99,85,180,47,7511,405,25,380,304,244
"species",380,380,201,302,108,209,33,2,49,78,12,56,63,165,44,7641,398,25,373,298,232
"species",381,381,170,287,60,183,23,4,33,65,25,37,56,164,40,8824,391,-19,410,81,212
"species",382,382,156,247,73,218,44,1,81,119,6,12,112,159,44,6900,351,-4,355,85,246
"species",383,383,159,264,61,222,30,5,38,72,26,58,65,147,40,7981,360,-7,367,75,191
"species",384,384,193,305,87,115,15,2,36,37,13,28,35,138,36,8543,395,19,376,106,232
"species",385,385,189,293,93,170,26,2,44,58,15,46,54,128,37,7889,378,33,345,107,222
"species",386,386,211,318,109,82,14,1,52,32,6,25,26,155,40,8187,415,30,385,312,248
"species",387,387,211,310,119,257,33,3,46,89,18,57,88,166,44,7580,404,35,369,132,242
"species",388,388,223,326,123,86,15,1,52,31,5,22,31,166,43,7965,421,37,384,323,259
"species",389,389,223,326,123,86,15,1,52,31,5,22,31,166,43,7965,421,37,384,323,259
"species",390,390,212,313,116,162,26,1,50,61,9,43,49,161,43,7758,408,34,374,309,244
"species",391,391,173,271,85,309,47,4,46,106,23,81,96,179,47,7359,376,-2,378,268,200
"species",392,392,173,271,85,309,47,4,46,106,23,81,96,179,47,7359,376,-2,378,268,200
"species",393,393,198,315,85,119,14,3,35,41,15,26,36,149,37,8966,411,12,399,107,239
"species",394,394,119,220,28,243,29,7,35,83,34,61,80,148,41,7546,317,-42,359,40,148
"species",395,395,224,329,123,134,18,1,45,48,9,29,48,148,40,8124,418,48,370,140,259
"species",396,396,230,323,140,90,15,0,55,36,4,22,30,157,44,7265,412,61,351,292,257
"species",397,397,216,316,119,171,28,2,50,63,9,48,55,176,45,7777,414,29,385,313,249
"species",398,398,208,307,114,199,31,2,50,73,11,52,62,169,44,7641,404,28,376,304,239
"species",399,399,201,302,108,209,33,2,49,78,12,56,63,165,44,7641,398,25,373,298,232
"species",400,400,193,305,87,115,15,2,36,37,13,28,35,138,36,8543,395,19,376,106,232
"species",401,401,208,307,114,199,31,2,50,73,11,52,62,169,44,7641,404,28,376,304,239
"species",402,402,193,305,87,115,15,2,36,37,13,28,35,138,36,8543,395,19,376,106,232
"species",403,403,159,264,61,222,30,5,38,72,26,58,65,147,40,7981,360,-7,367,75,191
"species",404,404,193,305,87,115,15,2,36,37,13,28,35,138,36,8543,395,19,376,106,232
"species",405,405,189,293,93,170,26,2,44,58,15,46,54,128,37,7889,378,33,345,107,222
"species",406,406,180,281,88,225,32,3,44,75,18,56,71,177,46,7637,387,3,384,278,209
"species",407,407,159,264,61,222,30,5,38,72,26,58,65,147,40,7981,360,-7,367,75,191
"species",408,408,223,326,123,86,15,1,52,31,5,22,31,166,43,7965,421,37,384,323,259
"species",409,409,223,326,123,86,15,1,52,31,5,22,31,166,43,7965,421,37,384,323,259
"species",410,410,174,279,77,153,22,3,40,53,16,41,44,145,40,7952,371,9,362,274,207
"species",411,411,173,271,85,309,47,4,46,106,23,81,96,179,47,7359,376,-2,378,268,200
"species",412,412,226,327,126,128,18,1,49,47,8,27,47,157,41,7934,420,45,375,126,260
"species",413,413,198,315,85,119,14,3,35,41,15,26,36,149,37,8966,411,12,399,107,239
"species",414,414,224,329,123,134,18,1,45,48,9,29,48,148,40,8124,418,48,370,140,259
"species",415,415,225,326,127,137,29,1,62,61,8,50,39,163,43,7852,414,41,373,323,259
"species",416,416,212,313,115,231,42,4,52,91,16,74,64,185,47,7778,412,21,391,307,247
"species",417,417,201,302,108,209,33,2,49,78,12,56,63,165,44,7641,398,25,373,298,232
"species",418,418,201,302,108,209,33,2,49,78,12,56,63,165,44,7641,398,25,373,298,232
"species",419,419,226,320,133,64,11,0,54,26,3,18,26,172,46,7349,416,46,370,133,253
"species",420,420,189,293,93,170,26,2,44,58,15,46,54,128,37,7889,378,33,345,107,222
"species",421,421,170,269,74,299,53,7,60,141,23,114,72,195,49,7616,371,-23,394,262,207
"species",422,422,189,293,93,170,26,2,44,58,15,46,54,128,37,7889,378,33,345,107,222
"species",423,423,189,293,93,170,26,2,44,58,15,46,54,128,37,7889,378,33,345,107,222
"species",424,424,211,318,109,82,14,1,52,32,6,25,26,155,40,8187,415,30,385,312,248
"species",425,425,180,281,88,225,32,3,44,75,18,56,71,177,46,7637,387,3,384,278,209
"species",426,426,193,305,87,115,15,2,36,37,13,28,35,138,36,8543,395,19,376,106,232
"species",427,427,223,326,123,86,15,1,52,31,5,22,31,166,43,7965,421,37,384,323,259
"species",428,428,223,326,123,86,15,1,52,31,5,22,31,166,43,7965,421,37,384,323,259
"species",429,429,173,271,85,309,47,4,46,106,23,81,96,179,47,7359,376,-2,378,268,200
"species",430,430,226,327,126,128,18,1,49,47,8,27,47,157,41,7934,420,45,375,126,260
"species",431,431,198,315,85,119,14,3,35,41,15,26,36,149,37,8966,411,12,399,107,239
"species",432,432,225,326,127,137,29,1,62,61,8,50,39,163,43,7852,414,41,373,323,259
"species",433,433,212,313,115,231,42,4,52,91,16,74,64,185,47,7778,412,21,391,307,247
"species",434,434,201,302,108,209,33,2,49,78,12,56,63,165,44,7641,398,25,373,298,232
"species",435,435,201,302,108,209,33,2,49,78,12,56,63,165,44,7641,398,25,373,298,232
"species",436,436,159,264,61,222,30,5,38,72,26,58,65,147,40,7981,360,-7,367,75,191
"species",437,437,189,293,93,170,26,2,44,58,15,46,54,128,37,7889,378,33,345,107,222
"species",438,438,201,290,115,311,64,4,69,158,19,129,70,155,46,6944,369,36,333,285,233
"species",439,439,193,305,87,115,15,2,36,37,13,28,35,138,36,8543,395,19,376,106,232
"species",440,440,211,318,109,82,14,1,52,32,6,25,26,155,40,8187,415,30,385,312,248
"species",441,441,206,297,119,300,58,4,64,147,19,120,72,160,46,7076,378,35,343,292,238
"species",442,442,223,326,123,86,15,1,52,31,5,22,31,166,43,7965,421,37,384,323,259
"species",443,443,223,326,123,86,15,1,52,31,5,22,31,166,43,7965,421,37,384,323,259
"species",444,444,212,313,116,162,26,1,50,61,9,43,49,161,43,7758,408,34,374,309,244
"species",445,445,173,271,85,309,47,4,46,106,23,81,96,179,47,7359,376,-2,378,268,200
"species",446,446,173,271,85,309,47,4,46,106,23,81,96,179,47,7359,376,-2,378,268,200
"species",447,447,198,315,85,119,14,3,35,41,15,26,36,149,37,8966,411,12,399,107,239
"species",448,448,224,329,123,134,18,1,45,48,9,29,48,148,40,8124,418,48,370,140,259
"species",449,449,230,323,140,90,15,0,55,36,4,22,30,157,44,7265,412,61,351,292,257
"species",450,450,216,316,119,171,28,2,50,63,9,48,55,176,45,7777,414,29,385,313,249
"species",451,451,194,296,98,90,14,1,48,37,9,18,36,160,41,7771,400,18,382,115,225
"species",452,452,193,305,87,115,15,2,36,37,13,28,35,138,36,8543,395,19,376,106,232
"species",453,453,214,309,123,102,15,0,50,37,5,23,37,168,45,7335,409,37,372,139,242
"species",454,454,193,305,87,115,15,2,36,37,13,28,35,138,36,8543,395,19,376,106,232
"species",455,455,159,264,61,222,30,5,38,72,26,58,65,147,40,7981,360,-7,367,75,191
"species",456,456,176,286,72,112,14,3,36,39,15,28,37,169,41,8349,389,-18,407,92,213
"species",457,457,189,293,93,170,26,2,44,58,15,46,54,128,37,7889,378,33,345,107,222
"species",458,458,211,318,109,82,14,1,52,32,6,25,26,155,40,8187,415,30,385,312,248
"species",459,459,206,297,119,300,58,4,64,147,19,120,72,160,46,7076,378,35,343,292,238
"species",460,460,189,293,93,170,26,2,44,58,15,46,54,128,37,7889,378,33,345,107,222
"species",461,461,223,326,123,86,15,1,52,31,5,22,31,166,43,7965,421,37,384,323,259
"species",462,462,173,271,85,309,47,4,46,106,23,81,96,179,47,7359,376,-2,378,268,200
"species",463,463,173,271,85,309,47,4,46,106,23,81,96,179,47,7359,376,-2,378,268,200
"species",464,464,198,315,85,119,14,3,35,41,15,26,36,149,37,8966,411,12,399,107,239
"species",465,465,224,329,123,134,18,1,45,48,9,29,48,148,40,8124,418,48,370,140,259
"species",466,466,221,313,133,205,45,2,62,94,11,75,54,138,41,7173,393,63,330,311,248
"species",467,467,216,316,119,171,28,2,50,63,9,48,55,176,45,7777,414,29,385,313,249
"species",468,468,201,302,108,209,33,2,49,78,12,56,63,165,44,7641,398,25,373,298,232
"species",469,469,201,302,108,209,33,2,49,78,12,56,63,165,44,7641,398,25,373,298,232
"species",470,470,193,305,87,115,15,2,36,37,13,28,35,138,36,8543,395,19,376,106,232
"species",471,471,214,309,123,102,15,0,50,37,5,23,37,168,45,7335,409,37,372,139,242
"species",472,472,193,305,87,115,15,2,36,37,13,28,35,138,36,8543,395,19,376,106,232
"species",473,473,193,305,87,115,15,2,36,37,13,28,35,138,36,8543,395,19,376,106,232
"species",474,474,200,292,112,320,61,5,65,157,21,128,76,171,47,7122,380,23,357,287,232
"species",475,475,203,295,115,309,59,5,64,150,21,123,73,164,47,7104,378,30,348,290,236
"species",476,476,198,284,121,223,42,0,75,120,8,30,104,174,49,6433,390,38,352,129,254
"species",477,477,222,325,122,122,18,1,46,42,8,29,42,163,42,7985,420,38,382,122,257
"species",478,478,222,325,122,122,18,1,46,42,8,29,42,163,42,7985,420,38,382,122,257
"species",479,479,222,325,122,122,18,1,46,42,8,29,42,163,42,7985,420,38,382,122,257
"species",480,480,208,307,115,421,54,12,37,133,46,111,129,170,45,7596,400,30,370,303,241
"species",481,481,208,307,115,421,54,12,37,133,46,111,129,170,45,7596,400,30,370,303,241
"species",482,482,165,262,80,333,51,5,46,115,26,90,102,170,46,7222,362,-2,364,258,191
"species",483,483,207,278,144,59,16,0,90,28,1,25,21,172,55,5145,367,57,310,260,214
"species",484,484,208,307,115,421,54,12,37,133,46,111,129,170,45,7596,400,30,370,303,241
"species",485,485,222,325,122,122,18,1,46,42,8,29,42,163,42,7985,420,38,382,122,257
"species",486,486,222,325,122,122,18,1,46,42,8,29,42,163,42,7985,420,38,382,122,257
"species",487,487,222,325,122,122,18,1,46,42,8,29,42,163,42,7985,420,38,382,122,257
"species",488,488,211,309,117,269,37,3,45,89,18,68,85,164,44,7570,401,36,365,305,243
"species",489,489,226,323,131,149,32,1,62,67,8,54,42,153,42,7614,409,52,357,321,257
"species",490,490,232,324,142,111,20,0,56,46,4,31,34,149,43,7216,408,65,343,323,260
"species",491,491,218,322,116,133,21,1,47,46,8,33,44,169,43,8084,419,30,389,318,253
"species",492,492,207,276,146,63,19,0,90,29,1,28,25,170,55,5013,365,60,305,260,213
"species",493,493,208,295,128,183,31,1,63,88,10,30,83,172,48,6656,403,46,357,138,268
"species",494,494,212,315,113,157,25,1,48,58,9,41,49,171,43,7959,414,25,389,312,245
"species",495,495,223,324,124,145,29,2,56,61,9,51,42,167,44,7907,415,37,378,322,257
"species",496,496,222,325,122,122,18,1,46,42,8,29,42,163,42,7985,420,38,382,122,257
"species",497,497,180,274,94,513,72,7,48,171,36,131,171,151,44,7129,361,20,341,94,209
"species",498,498,208,307,115,421,54,12,37,133,46,111,129,170,45,7596,400,30,370,303,241
"species",499,499,208,307,115,421,54,12,37,133,46,111,129,170,45,7596,400,30,370,303,241
"species",500,500,209,310,113,244,43,4,51,94,16,76,70,183,47,7756,409,20,389,305,243
"species",501,501,222,325,122,122,18,1,46,42,8,29,42,163,42,7985,420,38,382,122,257
"species",502,502,211,309,117,269,37,3,45,89,18,68,85,164,44,7570,401,36,365,305,243
"species",503,503,222,325,122,122,18,1,46,42,8,29,42,163,42,7985,420,38,382,122,257
"species",504,504,222,325,122,122,18,1,46,42,8,29,42,163,42,7985,420,38,382,122,257
"species",505,505,211,309,117,269,37,3,45,89,18,68,85,164,44,7570,401,36,365,305,243
"species",506,506,226,323,131,149,32,1,62,67,8,54,42,153,42,7614,409,52,357,321,257
"species",507,507,232,324,142,111,20,0,56,46,4,31,34,149,43,7216,408,65,343,323,260
"species",508,508,206,269,150,93,18,0,70,40,2,31,40,168,58,4584,357,68,289,150,212
"species",509,509,211,309,117,269,37,3,45,89,18,68,85,164,44,7570,401,36,365,305,243
"species",510,510,222,325,122,122,18,1,46,42,8,29,42,163,42,7985,420,38,382,122,257
"species",511,511,222,325,122,122,18,1,46,42,8,29,42,163,42,7985,420,38,382,122,257
"species",512,512,208,307,115,421,54,12,37,133,46,111,129,170,45,7596,400,30,370,303,241
"species",513,513,208,307,115,421,54,12,37,133,46,111,129,170,45,7596,400,30,370,303,241
"species",514,514,208,307,115,421,54,12,37,133,46,111,129,170,45,7596,400,30,370,303,241
"species",515,515,209,310,113,244,43,4,51,94,16,76,70,183,47,7756,409,20,389,305,243
"species",516,516,222,325,122,122,18,1,46,42,8,29,42,163,42,7985,420,38,382,122,257
"species",517,517,211,309,117,269,37,3,45,89,18,68,85,164,44,7570,401,36,365,305,243
"species",518,518,222,325,122,122,18,1,46,42,8,29,42,163,42,7985,420,38,382,122,257
"species",519,519,211,309,117,269,37,3,45,89,18,68,85,164,44,7570,401,36,365,305,243
"species",520,520,218,321,118,128,20,1,49,45,8,32,42,165,42,8011,417,32,385,317,253
"species",521,521,232,324,142,111,20,0,56,46,4,31,34,149,43,7216,408,65,343,323,260
"species",522,522,206,269,150,93,18,0,70,40,2,31,40,168,58,4584,357,68,289,150,212
"species",523,523,228,319,138,73,12,0,51,31,4,11,30,173,46,7175,417,47,370,154,256
"species",524,524,214,312,119,224,31,3,45,77,16,59,70,167,45,7592,406,36,370,308,246
"species",525,525,222,325,122,122,18,1,46,42,8,29,42,163,42,7985,420,38,382,122,257
"species",526,526,208,307,115,421,54,12,37,133,46,111,129,170,45,7596,400,30,370,303,241
"species",527,527,208,307,115,421,54,12,37,133,46,111,129,170,45,7596,400,30,370,303,241
"species",528,528,208,307,115,421,54,12,37,133,46,111,129,170,45,7596,400,30,370,303,241
"species",529,529,208,307,115,421,54,12,37,133,46,111,129,170,45,7596,400,30,370,303,241
"species",530,530,209,310,113,244,43,4,51,94,16,76,70,183,47,7756,409,20,389,305,243
"species",531,531,222,325,122,122,18,1,46,42,8,29,42,163,42,7985,420,38,382,122,257
"species",532,532,211,309,117,269,37,3,45,89,18,68,85,164,44,7570,401,36,365,305,243
"species",533,533,222,325,122,122,18,1,46,42,8,29,42,163,42,7985,420,38,382,122,257
"species",534,534,222,325,122,122,18,1,46,42,8,29,42,163,42,7985,420,38,382,122,257
"species",535,535,222,325,122,122,18,1,46,42,8,29,42,163,42,7985,420,38,382,122,257
"species",536,536,232,324,142,111,20,0,56,46,4,31,34,149,43,7216,408,65,343,323,260
"species",537,537,232,324,142,111,20,0,56,46,4,31,34,149,43,7216,408,65,343,323,260
"species",538,538,232,324,142,111,20,0,56,46,4,31,34,149,43,7216,408,65,343,323,260
"species",539,539,208,307,115,421,54,12,37,133,46,111,129,170,45,7596,400,30,370,303,241
"species",540,540,214,312,119,224,31,3,45,77,16,59,70,167,45,7592,406,36,370,308,246
"species",541,541,222,325,122,122,18,1,46,42,8,29,42,163,42,7985,420,38,382,122,257
"species",542,542,222,325,122,122,18,1,46,42,8,29,42,163,42,7985,420,38,382,122,257
"species",543,543,214,312,119,224,31,3,45,77,16,59,70,167,45,7592,406,36,370,308,246
"species",544,544,208,307,115,421,54,12,37,133,46,111,129,170,45,7596,400,30,370,303,241
"species",545,545,208,307,115,421,54,12,37,133,46,111,129,170,45,7596,400,30,370,303,241
"species",546,546,208,307,115,421,54,12,37,133,46,111,129,170,45,7596,400,30,370,303,241
"species",547,547,209,310,113,244,43,4,51,94,16,76,70,183,47,7756,409,20,389,305,243
"species",548,548,209,308,114,441,55,14,36,137,52,116,135,173,46,7652,402,28,374,304,242
"species",549,549,211,309,117,269,37,3,45,89,18,68,85,164,44,7570,401,36,365,305,243
"species",550,550,222,325,122,122,18,1,46,42,8,29,42,163,42,7985,420,38,382,122,257
"species",551,551,222,325,122,122,18,1,46,42,8,29,42,163,42,7985,420,38,382,122,257
"species",552,552,211,309,117,269,37,3,45,89,18,68,85,164,44,7570,401,36,365,305,243
"species",553,553,224,326,123,121,17,1,45,43,8,27,43,162,42,8010,421,40,381,123,259
"species",554,554,232,324,142,111,20,0,56,46,4,31,34,149,43,7216,408,65,343,323,260
"species",555,555,232,324,142,111,20,0,56,46,4,31,34,149,43,7216,408,65,343,323,260
"species",556,556,226,323,131,149,32,1,62,67,8,54,42,153,42,7614,409,52,357,321,257
"species",557,557,222,325,122,122,18,1,46,42,8,29,42,163,42,7985,420,38,382,122,257
"species",558,558,222,325,122,122,18,1,46,42,8,29,42,163,42,7985,420,38,382,122,257
"species",559,559,222,325,122,122,18,1,46,42,8,29,42,163,42,7985,420,38,382,122,257
"species",560,560,173,269,87,463,62,7,43,153,37,117,147,177,47,7217,374,4,370,265,200
"species",561,561,208,307,115,421,54,12,37,133,46,111,129,170,45,7596,400,30,370,303,241
"species",562,562,208,307,115,421,54,12,37,133,46,111,129,170,45,7596,400,30,370,303,241
"species",563,563,208,307,115,421,54,12,37,133,46,111,129,170,45,7596,400,30,370,303,241
"species",564,564,209,310,113,244,43,4,51,94,16,76,70,183,47,7756,409,20,389,305,243
"species",565,565,209,309,114,470,55,17,33,147,60,122,144,178,46,7695,406,25,381,128,243
"species",566,566,222,325,122,122,18,1,46,42,8,29,42,163,42,7985,420,38,382,122,257
"species",567,567,222,325,122,122,18,1,46,42,8,29,42,163,42,7985,420,38,382,122,257
"species",568,568,215,320,113,139,22,1,49,49,8,35,45,173,43,8133,419,24,395,316,250
"species",569,569,211,309,117,269,37,3,45,89,18,68,85,164,44,7570,401,36,365,305,243
"species",570,570,218,321,118,128,20,1,49,45,8,32,42,165,42,8011,417,32,385,317,253
"species",571,571,218,321,118,143,21,1,49,48,9,34,48,162,42,8017,416,35,381,318,252
"species",572,572,232,324,142,111,20,0,56,46,4,31,34,149,43,7216,408,65,343,323,260
"species",573,573,232,324,142,111,20,0,56,46,4,31,34,149,43,7216,408,65,343,323,260
"species",574,574,208,307,115,421,54,12,37,133,46,111,129,170,45,7596,400,30,370,303,241
"species",575,575,222,325,122,122,18,1,46,42,8,29,42,163,42,7985,420,38,382,122,257
"species",576,576,208,307,115,421,54,12,37,133,46,111,129,170,45,7596,400,30,370,303,241
"species",577,577,208,307,115,421,54,12,37,133,46,111,129,170,45,7596,400,30,370,303,241
"species",578,578,208,307,115,421,54,12,37,133,46,111,129,170,45,7596,400,30,370,303,241
"species",579,579,209,310,113,244,43,4,51,94,16,76,70,183,47,7756,409,20,389,305,243
"species",580,580,208,307,115,421,54,12,37,133,46,111,129,170,45,7596,400,30,370,303,241
"species",581,581,209,310,113,244,43,4,51,94,16,76,70,183,47,7756,409,20,389,305,243
"species",582,582,222,325,122,122,18,1,46,42,8,29,42,163,42,7985,420,38,382,122,257
"species",583,583,222,325,122,122,18,1,46,42,8,29,42,163,42,7985,420,38,382,122,257
"species",584,584,224,326,123,121,17,1,45,43,8,27,43,162,42,8010,421,40,381,123,259
"species",585,585,222,325,122,122,18,1,46,42,8,29,42,163,42,7985,420,38,382,122,257
"species",586,586,232,324,142,111,20,0,56,46,4,31,34,149,43,7216,408,65,343,323,260
"species",587,587,175,271,86,317,50,4,48,113,22,86,97,183,48,7339,377,-4,381,269,202
"species",588,588,208,307,115,421,54,12,37,133,46,111,129,170,45,7596,400,30,370,303,241
"species",589,589,222,325,122,122,18,1,46,42,8,29,42,163,42,7985,420,38,382,122,257
"species",590,590,222,325,122,122,18,1,46,42,8,29,42,163,42,7985,420,38,382,122,257
"species",591,591,222,325,122,122,18,1,46,42,8,29,42,163,42,7985,420,38,382,122,257
"species",592,592,208,307,115,421,54,12,37,133,46,111,129,170,45,7596,400,30,370,303,241
"species",593,593,208,307,115,421,54,12,37,133,46,111,129,170,45,7596,400,30,370,303,241
"species",594,594,209,310,113,244,43,4,51,94,16,76,70,183,47,7756,409,20,389,305,243
"species",595,595,209,310,113,244,43,4,51,94,16,76,70,183,47,7756,409,20,389,305,243
"species",596,596,222,325,122,122,18,1,46,42,8,29,42,163,42,7985,420,38,382,122,257
"species",597,597,222,325,122,122,18,1,46,42,8,29,42,163,42,7985,420,38,382,122,257
"species",598,598,222,325,122,122,18,1,46,42,8,29,42,163,42,7985,420,38,382,122,257
"species",599,599,222,325,122,122,18,1,46,42,8,29,42,163,42,7985,420,38,382,122,257
"species",600,600,232,324,142,111,20,0,56,46,4,31,34,149,43,7216,408,65,343,323,260
"species",601,601,232,324,142,111,20,0,56,46,4,31,34,149,43,7216,408,65,343,323,260
"species",602,602,208,307,115,421,54,12,37,133,46,111,129,170,45,7596,400,30,370,303,241
"species",603,603,222,325,122,122,18,1,46,42,8,29,42,163,42,7985,420,38,382,122,257
"species",604,604,222,325,122,122,18,1,46,42,8,29,42,163,42,7985,420,38,382,122,257
"species",605,605,222,325,122,122,18,1,46,42,8,29,42,163,42,7985,420,38,382,122,257
"species",606,606,222,325,122,122,18,1,46,42,8,29,42,163,42,7985,420,38,382,122,257
"species",607,607,206,271,151,68,13,0,70,32,1,18,32,173,57,4596,364,65,299,151,209
"species",608,608,208,307,115,421,54,12,37,133,46,111,129,170,45,7596,400,30,370,303,241
"species",609,609,208,307,115,421,54,12,37,133,46,111,129,170,45,7596,400,30,370,303,241
"species",610,610,209,310,113,244,43,4,51,94,16,76,70,183,47,7756,409,20,389,305,243
"species",611,611,208,307,115,421,54,12,37,133,46,111,129,170,45,7596,400,30,370,303,241
"species",612,612,214,303,129,213,45,2,66,99,9,77,56,155,45,6933,391,51,340,302,239
"species",613,613,222,325,122,122,18,1,46,42,8,29,42,163,42,7985,420,38,382,122,257
"species",614,614,222,325,122,122,18,1,46,42,8,29,42,163,42,7985,420,38,382,122,257
"species",615,615,211,309,117,269,37,3,45,89,18,68,85,164,44,7570,401,36,365,305,243
"species",616,616,212,317,112,153,24,1,49,55,9,39,48,172,43,8029,415,23,392,312,246
"species",617,617,232,324,142,111,20,0,56,46,4,31,34,149,43,7216,408,65,343,323,260
"species",618,618,232,324,142,111,20,0,56,46,4,31,34,149,43,7216,408,65,343,323,260
"species",619,619,207,278,144,59,16,0,90,28,1,25,21,172,55,5145,367,57,310,260,214
"species",620,620,208,307,115,421,54,12,37,133,46,111,129,170,45,7596,400,30,370,303,241
"species",621,621,222,325,122,122,18,1,46,42,8,29,42,163,42,7985,420,38,382,122,257
"species",622,622,222,325,122,122,18,1,46,42,8,29,42,163,42,7985,420,38,382,122,257
"species",623,623,222,325,122,122,18,1,46,42,8,29,42,163,42,7985,420,38,382,122,257
"species",624,624,208,307,115,421,54,12,37,133,46,111,129,170,45,7596,400,30,370,303,241
"species",625,625,208,307,115,421,54,12,37,133,46,111,129,170,45,7596,400,30,370,303,241
"species",626,626,208,307,115,421,54,12,37,133,46,111,129,170,45,7596,400,30,370,303,241
"species",627,627,207,278,144,59,16,0,90,28,1,25,21,172,55,5145,367,57,310,260,214
"species",628,628,208,307,115,421,54,12,37,133,46,111,129,170,45,7596,400,30,370,303,241
"species",629,629,222,325,122,122,18,1,46,42,8,29,42,163,42,7985,420,38,382,122,257
"species",630,630,222,325,122,122,18,1,46,42,8,29,42,163,42,7985,420,38,382,122,257
"species",631,631,222,325,122,122,18,1,46,42,8,29,42,163,42,7985,420,38,382,122,257
"species",632,632,211,309,117,269,37,3,45,89,18,68,85,164,44,7570,401,36,365,305,243
"species",633,633,222,325,122,122,18,1,46,42,8,29,42,163,42,7985,420,38,382,122,257
"species",634,634,175,271,86,317,50,4,48,113,22,86,97,183,48,7339,377,-4,381,269,202
"species",635,635,232,324,142,111,20,0,56,46,4,31,34,149,43,7216,408,65,343,323,260
"species",636,636,232,324,142,111,20,0,56,46,4,31,34,149,43,7216,408,65,343,323,260
"species",637,637,207,276,146,63,19,0,90,29,1,28,25,170,55,5013,365,60,305,260,213
"species",638,638,212,310,118,238,34,3,47,83,16,64,73,165,45,7562,402,36,366,306,244
"species",639,639,222,325,122,122,18,1,46,42,8,29,42,163,42,7985,420,38,382,122,257
"species",640,640,222,325,122,122,18,1,46,42,8,29,42,163,42,7985,420,38,382,122,257
"species",641,641,222,325,122,122,18,1,46,42,8,29,42,163,42,7985,420,38,382,122,257
"species",642,642,208,307,115,421,54,12,37,133,46,111,129,170,45,7596,400,30,370,303,241
"species",643,643,208,307,115,421,54,12,37,133,46,111,129,170,45,7596,400,30,370,303,241
"species",644,644,208,307,115,421,54,12,37,133,46,111,129,170,45,7596,400,30,370,303,241
"species",645,645,167,210,130,242,47,1,84,131,3,7,123,109,54,3098,266,67,199,132,203
"species",646,646,207,278,144,59,16,0,90,28,1,25,21,172,55,5145,367,57,310,260,214
"species",647,647,208,307,115,421,54,12,37,133,46,111,129,170,45,7596,400,30,370,303,241
"species",648,648,222,325,122,122,18,1,46,42,8,29,42,163,42,7985,420,38,382,122,257
"species",649,649,222,325,122,122,18,1,46,42,8,29,42,163,42,7985,420,38,382,122,257
"species",650,650,222,325,122,122,18,1,46,42,8,29,42,163,42,7985,420,38,382,122,257
"species",651,651,211,309,117,269,37,3,45,89,18,68,85,164,44,7570,401,36,365,305,243
"species",652,652,222,325,122,122,18,1,46,42,8,29,42,163,42,7985,420,38,382,122,257
"species",653,653,232,324,142,111,20,0,56,46,4,31,34,149,43,7216,408,65,343,323,260
"species",654,654,232,324,142,111,20,0,56,46,4,31,34,149,43,7216,408,65,343,323,260
"species",655,655,207,276,146,63,19,0,90,29,1,28,25,170,55,5013,365,60,305,260,213
"species",656,656,192,252,140,138,29,0,67,68,5,31,68,166,59,4306,341,61,280,140,195
"species",657,657,224,326,123,121,17,1,45,43,8,27,43,162,42,8010,421,40,381,123,259
"species",658,658,222,325,122,122,18,1,46,42,8,29,42,163,42,7985,420,38,382,122,257
"species",659,659,222,325,122,122,18,1,46,42,8,29,42,163,42,7985,420,38,382,122,257
"species",660,660,222,325,122,122,18,1,46,42,8,29,42,163,42,7985,420,38,382,122,257
"species",661,661,208,307,115,421,54,12,37,133,46,111,129,170,45,7596,400,30,370,303,241
"species",662,662,208,307,115,421,54,12,37,133,46,111,129,170,45,7596,400,30,370,303,241
"species",663,663,208,307,115,421,54,12,37,133,46,111,129,170,45,7596,400,30,370,303,241
"species",664,664,209,310,113,244,43,4,51,94,16,76,70,183,47,7756,409,20,389,305,243
"species",665,665,222,325,122,122,18,1,46,42,8,29,42,163,42,7985,420,38,382,122,257
"species",666,666,211,309,117,269,37,3,45,89,18,68,85,164,44,7570,401,36,365,305,243
"species",667,667,222,325,122,122,18,1,46,42,8,29,42,163,42,7985,420,38,382,122,257
"species",668,668,222,325,122,122,18,1,46,42,8,29,42,163,42,7985,420,38,382,122,257
"species",669,669,211,309,117,269,37,3,45,89,18,68,85,164,44,7570,401,36,365,305,243
"species",670,670,226,323,131,149,32,1,62,67,8,54,42,153,42,7614,409,52,357,321,257
"species",671,671,232,324,142,111,20,0,56,46,4,31,34,149,43,7216,408,65,343,323,260
"species",672,672,232,324,142,111,20,0,56,46,4,31,34,149,43,7216,408,65,343,323,260
"species",673,673,207,276,146,64,20,0,94,29,1,28,26,170,55,5006,364,60,304,259,213
"species",674,674,228,319,138,73,12,0,51,31,4,11,30,173,46,7175,417,47,370,154,256
"species",675,675,212,317,112,153,24,1,49,55,9,39,48,172,43,8029,415,23,392,312,246
"species",676,676,222,325,122,122,18,1,46,42,8,29,42,163,42,7985,420,38,382,122,257
"species",677,677,160,243,82,488,118,6,81,269,28,229,108,167,50,6325,332,-2,334,237,188
"species",678,678,208,307,115,421,54,12,37,133,46,111,129,170,45,7596,400,30,370,303,241
"species",679,679,208,307,115,421,54,12,37,133,46,111,129,170,45,7596,400,30,370,303,241
"species",680,680,208,307,115,421,54,12,37,133,46,111,129,170,45,7596,400,30,370,303,241
"species",681,681,222,325,122,122,18,1,46,42,8,29,42,163,42,7985,420,38,382,122,257
"species",682,682,211,309,117,269,37,3,45,89,18,68,85,164,44,7570,401,36,365,305,243
"species",683,683,222,325,122,122,18,1,46,42,8,29,42,163,42,7985,420,38,382,122,257
"species",684,684,222,325,122,122,18,1,46,42,8,29,42,163,42,7985,420,38,382,122,257
"species",685,685,211,309,117,269,37,3,45,89,18,68,85,164,44,7570,401,36,365,305,243
"species",686,686,218,321,118,128,20,1,49,45,8,32,42,165,42,8011,417,32,385,317,253
"species",687,687,232,324,142,111,20,0,56,46,4,31,34,149,43,7216,408,65,343,323,260
"species",688,688,232,324,142,111,20,0,56,46,4,31,34,149,43,7216,408,65,343,323,260
"species",689,689,206,269,150,93,18,0,70,40,2,31,40,168,58,4584,357,68,289,150,212
"species",690,690,214,313,121,219,29,3,43,75,16,57,70,175,46,7573,410,34,376,309,247
"species",691,691,209,307,116,303,43,5,43,102,23,80,93,161,44,7570,397,36,361,303,241
"species",692,692,211,309,117,269,37,3,45,89,18,68,85,164,44,7570,401,36,365,305,243
"species",693,693,222,325,122,122,18,1,46,42,8,29,42,163,42,7985,420,38,382,122,257
"species",694,694,208,307,115,421,54,12,37,133,46,111,129,170,45,7596,400,30,370,303,241
"species",695,695,208,307,115,421,54,12,37,133,46,111,129,170,45,7596,400,30,370,303,241
"species",696,696,208,307,115,421,54,12,37,133,46,111,129,170,45,7596,400,30,370,303,241
"species",697,697,209,310,113,244,43,4,51,94,16,76,70,183,47,7756,409,20,389,305,243
"species",698,698,211,309,117,269,37,3,45,89,18,68,85,164,44,7570,401,36,365,305,243
"species",699,699,222,325,122,122,18,1,46,42,8,29,42,163,42,7985,420,38,382,122,257
"species",700,700,222,325,122,122,18,1,46,42,8,29,42,163,42,7985,420,38,382,122,257
"species",701,701,211,309,117,269,37,3,45,89,18,68,85,164,44,7570,401,36,365,305,243
"species",702,702,218,322,116,133,21,1,47,46,8,33,44,169,43,8084,419,30,389,318,253
"species",703,703,232,324,142,111,20,0,56,46,4,31,34,149,43,7216,408,65,343,323,260
"species",704,704,232,324,142,111,20,0,56,46,4,31,34,149,43,7216,408,65,343,323,260
"species",705,705,232,324,142,111,20,0,56,46,4,31,34,149,43,7216,408,65,343,323,260
"species",706,706,206,269,150,93,18,0,70,40,2,31,40,168,58,4584,357,68,289,150,212
"species",707,707,208,307,115,421,54,12,37,133,46,111,129,170,45,7596,400,30,370,303,241
"species",708,708,215,313,121,219,29,3,43,74,16,56,70,173,46,7554,410,36,374,309,247
"species",709,709,226,323,131,149,32,1,62,67,8,54,42,153,42,7614,409,52,357,321,257
"species",710,710,222,325,122,122,18,1,46,42,8,29,42,163,42,7985,420,38,382,122,257
"species",711,711,222,325,122,122,18,1,46,42,8,29,42,163,42,7985,420,38,382,122,257
"species",712,712,208,307,115,421,54,12,37,133,46,111,129,170,45,7596,400,30,370,303,241
"species",713,713,208,307,115,421,54,12,37,133,46,111,129,170,45,7596,400,30,370,303,241
"species",714,714,208,307,115,421,54,12,37,133,46,111,129,170,45,7596,400,30,370,303,241
"species",715,715,208,307,115,421,54,12,37,133,46,111,129,170,45,7596,400,30,370,303,241
"species",716,716,209,310,113,244,43,4,51,94,16,76,70,183,47,7756,409,20,389,305,243
"species",717,717,225,284,178,80,16,0,83,35,0,32,35,149,58,4106,356,100,256,178,220
"species",718,718,211,309,117,269,37,3,45,89,18,68,85,164,44,7570,401,36,365,305,243
"species",719,719,222,325,122,122,18,1,46,42,8,29,42,163,42,7985,420,38,382,122,257
"species",720,720,222,325,122,122,18,1,46,42,8,29,42,163,42,7985,420,38,382,122,257
"species",721,721,211,309,117,269,37,3,45,89,18,68,85,164,44,7570,401,36,365,305,243
"species",722,722,212,315,113,157,25,1,48,58,9,41,49,171,43,7959,414,25,389,312,245
"species",723,723,232,324,142,111,20,0,56,46,4,31,34,149,43,7216,408,65,343,323,260
"species",724,724,232,324,142,111,20,0,56,46,4,31,34,149,43,7216,408,65,343,323,260
"species",725,725,232,324,142,111,20,0,56,46,4,31,34,149,43,7216,408,65,343,323,260
"species",726,726,208,307,115,421,54,12,37,133,46,111,129,170,45,7596,400,30,370,303,241
"species",727,727,222,325,122,122,18,1,46,42,8,29,42,163,42,7985,420,38,382,122,257
"species",728,728,222,325,122,122,18,1,46,42,8,29,42,163,42,7985,420,38,382,122,257
"species",729,729,209,308,114,441,55,14,36,137,52,116,135,173,46,7652,402,28,374,304,242
"species",730,730,208,307,115,421,54,12,37,133,46,111,129,170,45,7596,400,30,370,303,241
"species",731,731,208,307,115,421,54,12,37,133,46,111,129,170,45,7596,400,30,370,303,241
"species",732,732,208,307,115,421,54,12,37,133,46,111,129,170,45,7596,400,30,370,303,241
"species",733,733,209,310,113,244,43,4,51,94,16,76,70,183,47,7756,409,20,389,305,243
"species",734,734,209,308,114,441,55,14,36,137,52,116,135,173,46,7652,402,28,374,304,242
"species",735,735,211,309,117,269,37,3,45,89,18,68,85,164,44,7570,401,36,365,305,243
"species",736,736,222,325,122,122,18,1,46,42,8,29,42,163,42,7985,420,38,382,122,257
"species",737,737,222,325,122,122,18,1,46,42,8,29,42,163,42,7985,420,38,382,122,257
"species",738,738,211,309,117,269,37,3,45,89,18,68,85,164,44,7570,401,36,365,305,243
"species",739,739,232,324,142,111,20,0,56,46,4,31,34,149,43,7216,408,65,343,323,260
"species",740,740,232,324,142,111,20,0,56,46,4,31,34,149,43,7216,408,65,343,323,260
"species",741,741,226,323,131,149,32,1,62,67,8,54,42,153,42,7614,409,52,357,321,257
"species",742,742,215,313,121,219,29,3,43,74,16,56,70,173,46,7554,410,36,374,309,247
"species",743,743,222,325,122,122,18,1,46,42,8,29,42,163,42,7985,420,38,382,122,257
"species",744,744,222,325,122,122,18,1,46,42,8,29,42,163,42,7985,420,38,382,122,257
"species",745,745,163,258,76,554,72,8,45,183,42,135,182,166,46,7203,356,-3,359,86,191
"species",746,746,208,307,115,421,54,12,37,133,46,111,129,170,45,7596,400,30,370,303,241
"species",747,747,208,307,115,421,54,12,37,133,46,111,129,170,45,7596,400,30,370,303,241
"species",748,748,209,310,113,244,43,4,51,94,16,76,70,183,47,7756,409,20,389,305,243
"species",749,749,209,309,114,470,55,17,33,147,60,122,144,178,46,7695,406,25,381,128,243
"species",750,750,211,309,117,269,37,3,45,89,18,68,85,164,44,7570,401,36,365,305,243
"species",751,751,222,325,122,122,18,1,46,42,8,29,42,163,42,7985,420,38,382,122,257
"species",752,752,215,320,113,139,22,1,49,49,8,35,45,173,43,8133,419,24,395,316,250
"species",753,753,224,326,123,121,17,1,45,43,8,27,43,162,42,8010,421,40,381,123,259
"species",754,754,218,321,118,143,21,1,49,48,9,34,48,162,42,8017,416,35,381,318,252
"species",755,755,232,324,142,111,20,0,56,46,4,31,34,149,43,7216,408,65,343,323,260
"species",756,756,180,274,94,513,72,7,48,171,36,131,171,151,44,7129,361,20,341,94,209
"species",757,757,208,307,115,421,54,12,37,133,46,111,129,170,45,7596,400,30,370,303,241
"species",758,758,222,325,122,122,18,1,46,42,8,29,42,163,42,7985,420,38,382,122,257
"species",759,759,222,325,122,122,18,1,46,42,8,29,42,163,42,7985,420,38,382,122,257
"species",760,760,222,325,122,122,18,1,46,42,8,29,42,163,42,7985,420,38,382,122,257
"species",761,761,222,325,122,122,18,1,46,42,8,29,42,163,42,7985,420,38,382,122,257
"species",762,762,208,307,115,421,54,12,37,133,46,111,129,170,45,7596,400,30,370,303,241
"species",763,763,209,310,113,244,43,4,51,94,16,76,70,183,47,7756,409,20,389,305,243
"species",764,764,208,307,115,421,54,12,37,133,46,111,129,170,45,7596,400,30,370,303,241
"species",765,765,207,276,146,63,19,0,90,29,1,28,25,170,55,5013,365,60,305,260,213
"species",766,766,222,325,122,122,18,1,46,42,8,29,42,163,42,7985,420,38,382,122,257
"species",767,767,218,314,125,190,40,2,63,85,10,69,52,149,42,7473,398,49,349,311,248
"species",768,768,222,325,122,122,18,1,46,42,8,29,42,163,42,7985,420,38,382,122,257
"species",769,769,218,321,118,143,21,1,49,48,9,34,48,162,42,8017,416,35,381,318,252
"species",770,770,175,271,86,317,50,4,48,113,22,86,97,183,48,7339,377,-4,381,269,202
"species",771,771,222,325,122,122,18,1,46,42,8,29,42,163,42,7985,420,38,382,122,257
"species",772,772,222,325,122,122,18,1,46,42,8,29,42,163,42,7985,420,38,382,122,257
"species",773,773,208,307,115,421,54,12,37,133,46,111,129,170,45,7596,400,30,370,303,241
"species",774,774,208,307,115,421,54,12,37,133,46,111,129,170,45,7596,400,30,370,303,241
"species",775,775,215,313,121,219,29,3,43,74,16,56,70,173,46,7554,410,36,374,309,247
"species",776,776,207,276,146,63,19,0,90,29,1,28,25,170,55,5013,365,60,305,260,213
"species",777,777,222,325,122,122,18,1,46,42,8,29,42,163,42,7985,420,38,382,122,257
"species",778,778,222,325,122,122,18,1,46,42,8,29,42,163,42,7985,420,38,382,122,257
"species",779,779,209,310,113,244,43,4,51,94,16,76,70,183,47,7756,409,20,389,305,243
"species",780,780,222,325,122,122,18,1,46,42,8,29,42,163,42,7985,420,38,382,122,257
"species",781,781,206,303,114,315,42,4,44,102,22,78,100,161,44,7481,395,36,359,300,237
"species",782,782,232,324,142,111,20,0,56,46,4,31,34,149,43,7216,408,65,343,323,260
"species",783,783,232,324,142,111,20,0,56,46,4,31,34,149,43,7216,408,65,343,323,260
"species",784,784,175,271,86,317,50,4,48,113,22,86,97,183,48,7339,377,-4,381,269,202
"species",785,785,222,325,122,122,18,1,46,42,8,29,42,163,42,7985,420,38,382,122,257
"species",786,786,222,325,122,122,18,1,46,42,8,29,42,163,42,7985,420,38,382,122,257
"species",787,787,222,325,122,122,18,1,46,42,8,29,42,163,42,7985,420,38,382,122,257
"species",788,788,209,308,114,441,55,14,36,137,52,116,135,173,46,7652,402,28,374,304,242
"species",789,789,208,307,115,421,54,12,37,133,46,111,129,170,45,7596,400,30,370,303,241
"species",790,790,208,307,115,421,54,12,37,133,46,111,129,170,45,7596,400,30,370,303,241
"species",791,791,209,310,113,244,43,4,51,94,16,76,70,183,47,7756,409,20,389,305,243
"species",792,792,196,292,109,376,47,5,45,126,27,87,126,163,45,7289,388,29,359,119,224
"species",793,793,222,325,122,122,18,1,46,42,8,29,42,163,42,7985,420,38,382,122,257
"species",794,794,222,325,122,122,18,1,46,42,8,29,42,163,42,7985,420,38,382,122,257
"species",795,795,215,320,113,139,22,1,49,49,8,35,45,173,43,8133,419,24,395,316,250
"species",796,796,222,325,122,122,18,1,46,42,8,29,42,163,42,7985,420,38,382,122,257
"species",797,797,232,324,142,111,20,0,56,46,4,31,34,149,43,7216,408,65,343,323,260
"species",798,798,175,271,86,317,50,4,48,113,22,86,97,183,48,7339,377,-4,381,269,202
"species",799,799,210,307,118,259,33,3,45,86,18,61,86,166,45,7479,401,36,365,131,241
"species",800,800,216,306,131,131,23,1,60,59,8,19,59,173,47,6912,411,44,367,131,241
"species",801,801,211,310,118,221,31,3,46,77,15,59,70,173,46,7563,405,32,373,306,244
"species",802,802,216,296,132,483,145,4,101,303,31,286,78,189,51,6486,396,29,367,289,209
"species",803,803,224,313,139,111,22,0,66,55,5,13,55,172,46,6898,416,50,366,139,250
"species",804,804,177,247,119,138,21,1,56,55,7,39,55,167,55,4970,337,36,301,119,182
"species",805,805,224,326,124,93,16,1,55,33,6,23,33,164,42,7970,421,39,382,323,259
"species",806,806,195,284,109,349,69,5,64,169,21,138,87,159,46,6932,367,28,339,278,227
"species",807,807,237,308,163,298,86,2,110,200,12,200,58,157,51,5819,385,79,306,308,223
"species",808,808,226,276,188,151,38,0,97,88,2,88,25,130,59,3467,335,118,217,276,211
"species",809,809,206,297,119,304,59,4,64,148,19,121,73,158,46,7048,377,37,340,292,238
"species",810,810,171,243,110,350,74,2,85,194,8,15,186,157,51,5221,342,36,306,115,237
"species",811,811,228,326,134,77,14,0,57,31,3,20,26,162,44,7581,417,52,365,291,259
"species",812,812,193,284,107,338,71,5,70,176,21,144,75,173,48,7011,372,17,355,279,225
"species",813,813,194,297,100,150,25,1,47,54,12,42,47,136,38,7764,385,34,351,291,226
"species",814,814,182,246,128,266,47,3,70,136,16,25,126,158,54,4638,341,50,291,134,219
"species",815,815,228,326,134,77,14,0,57,31,3,20,26,162,44,7581,417,52,365,291,259
"species",816,816,228,326,134,77,14,0,57,31,3,20,26,162,44,7581,417,52,365,291,259
"species",817,817,193,284,107,338,71,5,70,176,21,144,75,173,48,7011,372,17,355,279,225
"species",818,818,187,283,97,301,47,4,48,108,21,81,94,186,48,7346,389,3,386,280,215
"species",819,819,192,282,107,338,69,5,65,161,18,130,89,160,46,6945,370,26,344,278,220
"species",820,820,193,284,107,338,71,5,70,176,21,144,75,173,48,7011,372,17,355,279,225
"species",821,821,194,280,115,230,40,1,64,109,14,22,108,170,48,6556,389,35,354,126,254
"species",822,822,221,319,129,89,16,0,55,35,4,24,29,160,44,7497,411,49,362,317,250
"species",823,823,228,326,134,77,14,0,57,31,3,20,26,162,44,7581,417,52,365,291,259
"species",824,824,192,284,105,331,71,5,74,177,20,144,73,180,49,7040,375,12,363,279,224
"species",825,825,194,280,115,230,40,1,64,109,14,22,108,170,48,6556,389,35,354,126,254
"species",826,826,182,236,135,437,96,0,95,268,6,14,245,138,54,3959,315,61,254,140,229
"species",827,827,193,284,107,338,71,5,70,176,21,144,75,173,48,7011,372,17,355,279,225
"species",828,828,193,284,107,338,71,5,70,176,21,144,75,173,48,7011,372,17,355,279,225
"species",829,829,136,231,50,322,53,7,46,122,31,101,89,170,46,7145,334,-28,362,227,162
"species",830,830,205,290,128,200,37,1,72,104,9,27,93,173,49,6404,396,44,352,137,262
"species",831,831,214,309,123,102,15,0,50,37,5,23,37,168,45,7335,409,37,372,139,242
"species",832,832,236,297,177,217,56,0,101,144,2,144,22,146,55,4769,360,96,264,297,244
"species",833,833,228,326,134,77,14,0,57,31,3,20,26,162,44,7581,417,52,365,291,259
"species",834,834,206,305,113,219,34,2,49,77,12,57,72,173,45,7593,402,25,377,301,238
"species",835,835,194,297,100,150,25,1,47,54,12,42,47,136,38,7764,385,34,351,291,226
"species",836,836,193,284,107,338,71,5,70,176,21,144,75,173,48,7011,372,17,355,279,225
"species",837,837,206,305,113,219,34,2,49,77,12,57,72,173,45,7593,402,25,377,301,238
"species",838,838,202,295,113,309,60,5,67,154,21,126,72,175,48,7174,384,22,362,290,234
"species",839,839,228,326,134,77,14,0,57,31,3,20,26,162,44,7581,417,52,365,291,259
"species",840,840,206,305,113,219,34,2,49,77,12,57,72,173,45,7593,402,25,377,301,238
"species",841,841,221,319,129,89,16,0,55,35,4,24,29,160,44,7497,411,49,362,317,250
"species",842,842,228,326,134,77,14,0,57,31,3,20,26,162,44,7581,417,52,365,291,259
"species",843,843,198,300,100,401,51,6,44,135,30,95,135,156,42,7857,392,24,368,100,234
"species",844,844,118,150,88,1152,198,5,74,562,36,45,548,82,54,2478,197,46,151,92,147
"species",845,845,204,295,118,299,61,4,68,150,19,123,69,155,46,7001,373,38,335,290,237
"species",846,846,192,282,107,338,69,5,65,161,18,130,89,160,46,6945,370,26,344,278,220
"species",847,847,228,326,134,77,14,0,57,31,3,20,26,162,44,7581,417,52,365,291,259
"species",848,848,182,246,128,266,47,3,70,136,16,25,126,158,54,4638,341,50,291,134,219
"species",849,849,225,320,133,78,14,0,58,31,3,20,27,166,45,7366,414,52,362,288,253
"species",850,850,194,280,115,230,40,1,64,109,14,22,108,170,48,6556,389,35,354,126,254
"species",851,851,194,280,115,230,40,1,64,109,14,22,108,170,48,6556,389,35,354,126,254
"species",852,852,194,280,115,230,40,1,64,109,14,22,108,170,48,6556,389,35,354,126,254
"species",853,853,203,295,116,328,62,5,61,154,20,125,83,161,46,7047,378,34,344,289,236
"species",854,854,216,314,122,212,28,3,45,72,15,54,67,173,46,7582,409,36,373,310,248
"species",855,855,216,306,131,131,23,1,60,59,8,19,59,173,47,6912,411,44,367,131,241
"species",856,856,237,308,163,298,86,2,110,200,12,200,58,157,51,5819,385,79,306,308,223
"species",857,857,244,307,181,221,69,2,109,155,6,155,35,115,47,4945,357,117,240,307,258
"species",858,858,97,176,25,761,132,13,57,332,59,282,205,126,44,5997,251,-34,285,169,123
"species",859,859,218,321,120,114,19,1,52,41,6,30,39,152,41,7916,412,44,368,318,252
"species",860,860,196,286,111,316,69,4,74,166,16,134,78,175,49,6927,378,21,357,282,224
"species",861,861,196,286,111,316,69,4,74,166,16,134,78,175,49,6927,378,21,357,282,224
"species",862,862,218,321,120,114,19,1,52,41,6,30,39,152,41,7916,412,44,368,318,252
"species",863,863,180,267,97,405,84,6,73,212,23,173,96,168,48,6732,355,11,344,262,209
"species",864,864,196,286,111,316,69,4,74,166,16,134,78,175,49,6927,378,21,357,282,224
"species",865,865,218,321,120,114,19,1,52,41,6,30,39,152,41,7916,412,44,368,318,252
"species",866,866,218,321,120,114,19,1,52,41,6,30,39,152,41,7916,412,44,368,318,252
